80967.692308
81560.000000
79661.538462
81478.461538
80187.692308
80826.153846
81761.538462
81853.846154
80638.461538
81095.384615
80690.769231
81180.000000
79984.615385
79856.923077
82000.000000
82010.769231
80993.846154
80932.307692
81270.769231
80612.307692
80689.230769
81486.153846
81281.538462
82466.153846
81292.307692
80143.076923
80738.461538
82504.615385
82529.230769
81972.307692
82713.846154
80989.230769
82389.230769
82089.230769
81493.846154
81389.230769
81364.615385
81953.846154
82092.307692
82127.692308
79884.615385
81723.076923
81004.615385
81081.538462
80883.076923
79570.769231
80456.923077
80321.538462
81609.230769
81135.384615
83120.000000
80826.153846
80769.230769
82153.846154
81656.923077
81726.153846
81073.846154
80506.153846
83133.846154
82009.230769
81747.692308
81376.923077
80816.923077
80326.153846
81106.153846
81532.307692
79566.153846
81941.538462
83393.846154
81223.076923
80786.153846
81012.307692
82210.769231
81064.615385
81943.076923
84115.384615
81412.307692
81556.923077
80341.538462
81204.615385
81306.153846
81660.000000
80195.384615
79763.076923
80984.615385
80740.000000
82624.615385
81423.076923
82386.153846
81003.076923
82315.384615
80589.230769
81532.307692
81013.846154
81310.769231
82452.307692
79887.692308
80561.538462
82800.000000
81310.769231
81818.461538
80780.000000
81507.692308
81555.384615
81992.307692
81564.615385
81918.461538
79847.692308
81758.461538
82343.076923
81815.384615
81378.461538
81452.307692
81250.769231
81307.692308
80120.000000
81175.384615
81358.461538
81052.307692
83020.000000
81692.307692
81841.538462
80144.615385
81641.538462
81056.923077
81847.692308
79853.846154
83644.615385
80636.923077
80078.461538
81641.538462
80115.384615
81723.076923
80756.923077
81047.692308
81100.000000
81872.307692
80940.000000
80570.769231
80993.846154
82692.307692
80684.615385
82112.307692
80606.153846
81470.769231
156180.000000
80652.307692
82601.538462
79726.153846
81438.461538
81515.384615
81281.538462
81161.538462
81307.692308
81298.461538
80841.538462
80773.846154
81126.153846
81298.461538
80775.384615
82533.846154
82135.384615
81418.461538
80853.846154
82263.076923
81223.076923
81210.769231
81076.923077
81555.384615
81244.615385
81247.692308
81981.538462
85392.307692
80812.307692
80392.307692
81123.076923
81129.230769
80824.615385
82550.769231
81281.538462
81695.384615
160721.538462
81567.692308
82390.769231
81553.846154
80806.153846
80420.000000
81349.230769
80470.769231
80621.538462
81313.846154
82856.923077
80798.461538
82173.846154
80960.000000
80920.000000
80292.307692
80384.615385
80793.846154
82021.538462
85409.230769
80409.230769
81955.384615
83027.692308
79783.076923
80321.538462
83806.153846
80895.384615
80687.692308
81120.000000
81713.846154
82312.307692
81207.692308
81309.230769
79920.000000
81116.923077
80932.307692
80110.769231
81129.230769
81735.384615
81721.538462
86710.769231
80280.000000
81616.923077
80460.000000
81403.076923
79844.615385
80295.384615
81952.307692
81884.615385
81203.076923
82064.615385
80729.230769
80153.846154
80764.615385
80987.692308
81704.615385
81195.384615
80129.230769
83806.153846
81152.307692
81901.538462
81420.000000
80369.230769
80953.846154
80956.923077
81247.692308
81073.846154
81407.692308
80818.461538
81416.923077
81347.692308
80863.076923
81186.153846
81796.923077
80564.615385
80441.538462
83610.769231
82718.461538
81081.538462
81530.769231
80803.076923
81629.230769
81412.307692
81692.307692
80566.153846
80658.461538
81824.615385
80746.153846
80232.307692
80555.384615
79867.692308
81603.076923
81918.461538
81113.846154
80670.769231
80175.384615
82046.153846
80192.307692
81415.384615
80524.615385
81673.846154
81246.153846
81035.384615
79849.230769
81240.000000
81249.230769
81244.615385
81570.769231
80218.461538
82383.076923
79870.769231
81284.615385
80130.769231
81866.153846
80518.461538
81024.615385
80626.153846
80803.076923
80675.384615
80369.230769
81003.076923
80503.076923
81509.230769
81526.153846
80226.153846
80304.615385
81624.615385
83353.846154
79749.230769
81270.769231
81504.615385
79704.615385
80729.230769
81738.461538
81492.307692
80783.076923
79560.000000
81409.230769
80247.692308
82755.384615
81250.769231
81938.461538
82435.384615
81273.846154
81558.461538
80560.000000
80695.384615
80916.923077
81300.000000
81007.692308
80792.307692
84761.538462
79996.923077
79840.000000
80486.153846
80950.769231
81936.923077
82673.846154
81064.615385
82366.153846
81783.076923
81933.846154
80923.076923
82767.692308
81261.538462
82286.153846
80556.923077
84415.384615
80470.769231
80110.769231
81843.076923
82427.692308
80801.538462
81773.846154
81870.769231
80901.538462
81158.461538
84696.923077
83316.923077
80867.692308
81035.384615
81756.923077
81263.076923
81070.769231
81935.384615
81578.461538
80772.307692
79935.384615
81396.923077
80616.923077
81209.230769
82738.461538
81112.307692
80844.615385
80455.384615
81450.769231
81409.230769
82332.307692
81803.076923
81986.153846
81770.769231
82409.230769
80900.000000
82558.461538
80876.923077
82106.153846
80664.615385
82406.153846
80104.615385
81715.384615
80764.615385
81444.615385
84960.000000
82270.769231
81107.692308
81032.307692
81036.923077
81020.000000
82296.923077
80732.307692
82735.384615
81546.153846
80653.846154
80724.615385
83020.000000
80866.153846
81898.461538
81049.230769
81275.384615
81404.615385
81181.538462
81853.846154
80586.153846
82283.076923
81349.230769
81180.000000
81392.307692
80781.538462
82172.307692
81353.846154
81329.230769
80575.384615
80015.384615
81460.000000
81221.538462
81443.076923
81747.692308
81924.615385
81973.846154
81235.384615
81936.923077
80243.076923
82495.384615
82703.076923
79303.076923
83596.923077
81401.538462
81335.384615
81592.307692
79683.076923
82067.692308
81361.538462
81326.153846
80670.769231
80943.076923
80521.538462
80387.692308
80052.307692
81700.000000
80761.538462
80320.000000
81061.538462
80207.692308
80120.000000
81412.307692
82150.769231
81292.307692
80766.153846
81090.769231
80747.692308
79781.538462
82443.076923
85630.769231
82213.846154
81320.000000
80118.461538
80378.461538
80861.538462
81992.307692
80923.076923
81664.615385
83320.000000
81270.769231
81780.000000
81413.846154
81792.307692
79620.000000
80518.461538
82070.769231
80063.076923
81576.923077
80498.461538
81206.153846
81607.692308
81792.307692
81203.076923
80524.615385
81429.230769
81223.076923
81370.769231
80470.769231
149112.307692
81463.076923
81950.769231
80684.615385
80561.538462
82026.153846
81880.000000
82238.461538
82429.230769
81358.461538
81050.769231
81552.307692
82378.461538
80493.846154
79167.692308
81501.538462
81344.615385
81943.076923
82155.384615
80389.230769
81456.923077
81704.615385
81416.923077
80695.384615
81246.153846
81050.769231
81000.000000
81253.846154
81472.307692
82007.692308
81232.307692
81283.076923
82003.076923
81952.307692
82107.692308
81246.153846
81416.923077
80547.692308
80938.461538
80156.923077
80804.615385
81484.615385
81743.076923
80603.076923
81140.000000
81346.153846
80872.307692
81907.692308
81367.692308
82233.846154
80224.615385
82121.538462
82255.384615
81595.384615
80350.769231
80427.692308
81975.384615
85426.153846
82040.000000
80753.846154
82446.153846
81523.076923
80386.153846
82127.692308
81784.615385
80296.923077
86213.846154
80910.769231
82963.076923
79356.923077
81363.076923
84270.769231
82104.615385
81130.769231
81740.000000
81606.153846
80426.153846
81633.846154
80675.384615
80364.615385
84021.538462
80810.769231
80312.307692
81412.307692
81695.384615
82683.076923
80663.076923
83609.230769
80449.230769
81335.384615
82261.538462
81224.615385
82546.153846
81264.615385
79867.692308
82044.615385
80978.461538
82370.769231
81876.923077
80626.153846
81013.846154
81576.923077
81224.615385
82041.538462
80253.846154
80678.461538
79786.153846
80872.307692
81843.076923
80543.076923
80609.230769
81449.230769
81452.307692
81944.615385
80544.615385
80744.615385
81752.307692
81058.461538
80187.692308
80009.230769
80736.923077
81780.000000
83764.615385
79624.615385
80800.000000
81706.153846
80933.846154
81700.000000
80463.076923
81093.846154
81449.230769
81061.538462
82063.076923
82289.230769
81292.307692
81347.692308
80621.538462
81478.461538
80203.076923
81456.923077
80658.461538
82321.538462
80521.538462
80841.538462
80701.538462
81549.230769
81350.769231
86130.769231
80713.846154
82446.153846
81827.692308
79884.615385
82427.692308
81750.769231
82050.769231
82107.692308
81047.692308
81123.076923
82510.769231
80446.153846
81449.230769
84132.307692
81387.692308
80478.461538
80578.461538
81246.153846
82107.692308
81595.384615
80107.692308
79624.615385
81147.692308
127661.538462
82061.538462
79952.307692
82052.307692
81004.615385
80507.692308
81538.461538
81083.076923
81187.692308
81769.230769
156020.000000
81693.846154
80960.000000
80413.846154
80126.153846
80515.384615
80936.923077
81210.769231
80261.538462
81015.384615
80501.538462
81363.076923
81578.461538
79341.538462
79169.230769
81520.000000
80344.615385
82193.846154
81076.923077
80820.000000
83346.153846
81881.538462
81967.692308
80421.538462
80701.538462
81023.076923
80324.615385
81052.307692
81478.461538
80040.000000
80446.153846
80627.692308
82604.615385
79844.615385
82938.461538
80149.230769
80490.769231
81433.846154
81424.615385
81058.461538
81018.461538
80520.000000
81452.307692
80298.461538
82743.076923
80678.461538
81967.692308
80721.538462
81638.461538
80555.384615
81407.692308
81627.692308
81350.769231
81046.153846
81156.923077
80621.538462
80104.615385
79407.692308
81238.461538
81121.538462
81103.076923
82006.153846
81383.076923
80909.230769
82918.461538
81729.230769
80666.153846
81961.538462
80412.307692
81155.384615
82264.615385
80507.692308
81538.461538
80500.000000
81935.384615
80641.538462
80552.307692
81444.615385
81295.384615
80844.615385
82261.538462
81070.769231
82133.846154
80695.384615
80967.692308
81609.230769
80740.000000
80447.692308
80323.076923
80573.846154
81441.538462
85427.692308
81018.461538
80453.846154
82187.692308
81752.307692
81081.538462
80703.076923
80030.769231
81469.230769
79735.384615
84500.000000
81990.769231
80026.153846
79790.769231
81844.615385
81181.538462
81007.692308
81975.384615
82136.923077
80906.153846
81380.000000
80973.846154
81767.692308
80633.846154
82027.692308
82678.461538
81340.000000
80873.846154
81404.615385
80293.846154
81860.000000
80910.769231
81589.230769
85146.153846
81607.692308
82249.230769
80966.153846
81038.461538
81966.153846
80755.384615
80932.307692
80300.000000
80418.461538
82632.307692
80983.076923
80310.769231
80486.153846
81018.461538
80444.615385
79787.692308
81126.153846
84438.461538
80480.000000
81483.076923
81618.461538
79650.769231
81144.615385
83160.000000
80393.846154
82335.384615
79803.076923
81204.615385
81858.461538
80672.307692
80543.076923
81700.000000
80995.384615
82273.846154
81300.000000
81255.384615
80990.769231
80953.846154
80566.153846
80476.923077
83090.769231
80716.923077
80613.846154
80509.230769
80741.538462
80440.000000
81770.769231
79832.307692
80412.307692
80453.846154
80018.461538
81435.384615
80683.076923
81406.153846
80175.384615
82361.538462
80715.384615
80696.923077
80766.153846
80763.076923
81093.846154
82169.230769
82036.923077
81583.076923
81292.307692
80586.153846
81626.153846
134046.153846
81333.846154
82478.461538
81229.230769
81761.538462
81570.769231
81792.307692
81767.692308
80730.769231
80720.000000
81441.538462
81401.538462
81947.692308
81427.692308
80981.538462
79095.384615
81336.923077
80246.153846
79973.846154
81086.153846
81421.538462
81763.076923
81490.769231
81432.307692
81749.230769
125684.615385
81916.923077
79472.307692
79500.000000
81029.230769
80187.692308
81204.615385
81680.000000
81538.461538
82035.384615
82029.230769
80887.692308
81138.461538
81578.461538
81200.000000
80270.769231
82815.384615
81230.769231
82073.846154
81506.153846
79612.307692
81807.692308
80490.769231
80738.461538
80583.076923
80087.692308
81364.615385
81309.230769
81666.153846
80278.461538
82115.384615
80724.615385
81443.076923
80958.461538
82701.538462
80804.615385
80484.615385
80541.538462
81116.923077
81761.538462
81524.615385
81498.461538
80832.307692
81466.153846
80546.153846
82103.076923
80833.846154
82346.153846
81375.384615
80029.230769
81489.230769
82020.000000
80621.538462
81098.461538
80961.538462
82050.769231
81563.076923
79941.538462
81889.230769
81672.307692
80304.615385
81247.692308
80155.384615
80347.692308
80558.461538
82540.000000
80010.769231
80610.769231
82115.384615
81798.461538
81484.615385
80747.692308
81592.307692
80506.153846
80818.461538
80293.846154
81438.461538
81044.615385
82818.461538
81627.692308
80729.230769
81490.769231
80512.307692
81230.769231
82178.461538
81653.846154
81678.461538
81353.846154
81595.384615
81540.000000
81767.692308
81021.538462
81733.846154
80456.923077
82066.153846
82056.923077
81846.153846
80098.461538
81243.076923
82198.461538
80730.769231
80652.307692
80946.153846
80915.384615
81172.307692
81944.615385
80683.076923
80975.384615
81043.076923
79933.846154
80258.461538
85978.461538
80415.384615
80789.230769
81200.000000
80169.230769
81603.076923
80833.846154
79810.769231
81143.076923
82707.692308
81630.769231
81323.076923
81372.307692
81187.692308
80535.384615
81007.692308
81683.076923
82346.153846
81121.538462
81210.769231
81030.769231
82203.076923
80952.307692
81016.923077
81238.461538
79770.769231
82350.769231
80747.692308
81075.384615
81310.769231
81041.538462
80455.384615
81456.923077
80069.230769
80775.384615
79244.615385
81424.615385
81364.615385
80109.230769
80318.461538
80532.307692
81987.692308
81926.153846
80913.846154
81218.461538
80035.384615
81532.307692
81846.153846
81887.692308
81150.769231
80293.846154
81338.461538
81369.230769
81330.769231
79429.230769
80613.846154
80392.307692
81316.923077
82390.769231
80586.153846
81169.230769
80789.230769
80721.538462
80803.076923
80878.461538
80452.307692
81407.692308
84533.846154
81235.384615
80141.538462
81584.615385
81801.538462
80803.076923
80472.307692
80349.230769
81729.230769
81153.846154
80536.923077
139723.076923
80586.153846
79893.846154
80941.538462
81029.230769
81080.000000
80955.384615
81336.923077
166020.000000
81178.461538
80983.076923
80438.461538
81423.076923
80798.461538
80161.538462
81404.615385
81689.230769
82858.461538
81120.000000
82247.692308
80250.769231
81698.461538
81570.769231
81220.000000
80798.461538
80109.230769
81360.000000
81027.692308
81269.230769
80984.615385
80189.230769
80623.076923
81226.153846
81604.615385
80943.076923
82226.153846
81653.846154
80161.538462
80512.307692
79327.692308
80958.461538
81746.153846
80723.076923
81307.692308
80892.307692
82855.384615
81549.230769
81080.000000
81164.615385
80286.153846
84440.000000
79781.538462
79798.461538
81403.076923
80464.615385
81216.923077
84829.230769
80809.230769
81255.384615
80292.307692
80798.461538
81860.000000
81703.076923
81169.230769
83810.769231
80223.076923
80587.692308
81281.538462
80750.769231
81772.307692
80569.230769
81812.307692
82221.538462
81767.692308
80676.923077
81206.153846
80432.307692
80815.384615
80853.846154
81636.923077
80332.307692
81452.307692
81292.307692
80240.000000
83093.846154
81133.846154
80561.538462
82009.230769
81201.538462
85913.846154
80663.076923
81703.076923
81298.461538
81696.923077
80695.384615
83238.461538
80926.153846
80984.615385
80987.692308
81038.461538
82253.846154
80581.538462
80909.230769
80970.769231
80667.692308
84513.846154
80989.230769
79549.230769
80600.000000
81484.615385
80635.384615
81764.615385
80212.307692
82526.153846
80987.692308
81133.846154
81603.076923
80370.769231
80463.076923
80055.384615
81387.692308
81178.461538
80670.769231
82123.076923
81255.384615
84756.923077
82067.692308
80760.000000
81098.461538
81709.230769
80276.923077
80695.384615
81473.846154
81783.076923
81472.307692
80509.230769
81706.153846
81733.846154
82075.384615
81176.923077
82196.923077
80284.615385
81887.692308
81093.846154
80967.692308
81312.307692
82009.230769
81689.230769
83427.692308
80652.307692
81573.846154
80256.923077
82012.307692
80961.538462
80883.076923
80726.153846
80909.230769
80563.076923
81007.692308
80656.923077
80389.230769
82975.384615
81064.615385
82704.615385
80210.769231
81472.307692
80909.230769
80953.846154
85361.538462
81552.307692
81390.769231
81481.538462
80560.000000
81726.153846
80492.307692
84767.692308
81855.384615
82049.230769
81763.076923
81483.076923
80207.692308
80592.307692
81533.846154
81240.000000
82180.000000
81020.000000
82216.923077
80396.923077
81604.615385
82253.846154
81581.538462
80186.153846
80083.076923
80886.153846
81367.692308
82850.769231
81161.538462
80876.923077
80975.384615
82186.153846
82698.461538
79946.153846
79366.153846
80456.923077
82816.923077
81840.000000
81249.230769
81273.846154
80573.846154
81184.615385
80923.076923
82104.615385
81210.769231
80881.538462
81146.153846
80949.230769
81612.307692
80193.846154
80892.307692
82926.153846
81786.153846
80486.153846
80113.846154
80976.923077
81167.692308
80746.153846
81678.461538
81523.076923
81578.461538
80664.615385
81520.000000
81976.923077
81649.230769
80713.846154
80090.769231
84389.230769
79761.538462
80392.307692
79796.923077
80761.538462
80998.461538
79500.000000
80410.769231
81627.692308
81680.000000
82190.769231
81421.538462
80658.461538
81372.307692
81830.769231
81563.076923
81260.000000
81792.307692
81478.461538
81835.384615
81364.615385
81180.000000
81860.000000
80415.384615
81184.615385
81375.384615
79766.153846
80867.692308
80624.615385
81533.846154
85464.615385
80084.615385
78813.846154
81103.076923
80278.461538
81209.230769
80389.230769
81253.846154
80083.076923
80513.846154
85333.846154
81429.230769
80409.230769
82290.769231
81127.692308
80552.307692
80170.769231
81646.153846
80009.230769
81032.307692
80938.461538
80843.076923
80983.076923
80618.461538
82000.000000
79686.153846
79824.615385
79381.538462
80633.846154
147550.769231
81755.384615
80478.461538
81867.692308
81132.307692
81192.307692
82015.384615
80990.769231
80875.384615
83316.923077
81846.153846
80936.923077
81790.769231
80160.000000
81167.692308
81487.692308
81281.538462
81930.769231
79903.076923
81320.000000
81349.230769
80124.615385
80935.384615
81166.153846
81376.923077
80612.307692
81246.153846
80101.538462
81641.538462
81006.153846
80890.769231
81136.923077
80861.538462
80160.000000
80681.538462
80466.153846
81429.230769
81353.846154
80464.615385
81092.307692
81056.923077
80092.307692
82189.230769
82241.538462
81823.076923
82033.846154
81204.615385
80163.076923
81484.615385
81018.461538
81404.615385
82004.615385
80964.615385
81441.538462
81510.769231
81784.615385
81021.538462
80856.923077
81270.769231
80989.230769
79804.615385
82163.076923
82261.538462
80601.538462
79940.000000
80598.461538
82744.615385
81020.000000
83013.846154
80747.692308
79640.000000
86026.153846
81263.076923
81129.230769
80941.538462
81263.076923
82673.846154
81370.769231
80889.230769
80593.846154
80706.153846
80803.076923
80950.769231
80796.923077
82416.923077
80438.461538
80581.538462
81676.923077
81126.153846
80876.923077
79956.923077
81455.384615
80680.000000
81932.307692
81029.230769
80515.384615
81698.461538
79916.923077
80269.230769
81236.923077
81380.000000
85223.076923
80352.307692
80660.000000
79500.000000
80403.076923
80890.769231
82304.615385
80433.846154
79856.923077
81696.923077
80555.384615
80176.923077
80869.230769
80396.923077
81207.692308
81830.769231
81027.692308
