44473.549231
44497.966154
44474.600000
44503.895385
44468.596923
44471.244615
44479.064615
44451.058462
44473.775385
44437.252308
44484.693846
44458.318462
44472.172308
44442.443077
44489.047692
44482.770769
44493.995385
44488.163077
44534.890769
44472.230769
44489.872308
44452.347692
44467.204615
44453.016923
44425.372308
44452.663077
44455.833846
44471.967692
44439.260000
44485.921538
44462.050769
44483.781538
44482.581538
44492.246154
44480.978462
44482.284615
44500.276923
44453.984615
44451.136923
44470.861538
44438.218462
44483.026154
44457.838462
44467.758462
44444.581538
44469.572308
44450.429231
44498.163077
44483.927692
44501.144615
44468.935385
44469.563077
44452.856923
44455.553846
44473.370769
44437.570769
44482.655385
44459.743077
44470.892308
44483.312308
44498.160000
44484.341538
44471.478462
44556.078462
44490.516923
44466.923077
44434.387692
44450.407692
44492.489231
44485.067692
44498.492308
44483.035385
44500.110769
44481.901538
44468.609231
44474.810769
44449.883077
44473.896923
44475.641538
44484.238462
44474.770769
44469.760000
44480.538462
44501.501538
44483.107692
44498.466154
44476.812308
44502.570769
44468.378462
44468.892308
44461.047692
44460.723077
44489.610769
44458.821538
44486.023077
44461.727692
44487.616923
44479.998462
44496.664615
44481.112308
44498.576923
44482.630769
44496.678462
44483.164615
44498.500000
44473.809231
44463.264615
44442.278462
44498.127692
44483.467692
44498.666154
44477.083077
44495.786154
44481.695385
44494.398462
44461.146154
44443.424615
44487.716923
44481.447692
44498.292308
44487.695385
44501.001538
44480.818462
44476.020000
44523.984615
44496.838462
44467.761538
44471.083077
44450.484615
44467.847692
44483.801538
44485.216923
44499.249231
44468.436923
44434.678462
44451.264615
44452.844615
44472.783077
44438.058462
44522.500000
44456.269231
44472.584615
44439.787692
44483.993846
44459.360000
44468.552308
44440.646154
44485.823077
44448.409231
44498.824615
44483.216923
44496.632308
44483.069231
44497.506154
44484.687692
44576.206154
44473.041538
44505.875385
44483.538462
44470.652308
44453.092308
44432.683077
44451.046154
44431.523077
44453.712308
44456.040000
44472.501538
44436.907692
44484.775385
44457.206154
44514.343077
44464.146154
44489.370769
44474.244615
44492.070769
44469.787692
44468.741538
44479.632308
44440.067692
44460.604615
44431.083077
44454.852308
44455.089231
44473.172308
44435.978462
44564.178462
44458.598462
44471.389231
44474.829231
44489.738462
44481.149231
44499.552308
44481.903077
44498.553846
44488.155385
44479.416923
44495.755385
44506.960000
44480.781538
44483.324615
44506.115385
44442.638462
44463.112308
44436.553846
44484.224615
44455.743077
44479.376923
44467.124615
44470.049231
44452.027692
44431.616923
44452.066154
44454.726154
44471.495385
44436.140000
44485.063077
44465.443077
44474.952308
44463.800000
44458.707692
44485.400000
44451.784615
44500.733846
44511.466154
44486.169231
44478.236923
44504.449231
44492.106154
44511.543077
44494.936923
44511.726154
44495.713846
44476.349231
44478.933846
44487.603077
44467.269231
44432.872308
44481.101538
44457.512308
44469.812308
44436.572308
44505.007692
44456.693846
44471.980000
44439.993846
44483.838462
44499.170769
44468.926154
44442.849231
44490.106154
44483.173846
44497.620000
44484.356923
44497.141538
44484.955385
44485.433846
44472.653846
44499.472308
44481.026154
44490.264615
44450.730769
44468.355385
44451.476923
44456.580000
44473.978462
44438.752308
44483.330769
44497.269231
44462.201538
44469.287692
44441.752308
44482.861538
44463.147692
44484.306154
44480.507692
44494.558462
44474.063077
44488.630769
44483.849231
44500.335385
44466.124615
44469.275385
44451.409231
44432.961538
44479.943077
44456.538462
44472.303077
44458.384615
44484.660000
44457.329231
44469.113846
44443.466154
44553.278462
44465.586154
44499.013846
44480.590769
44496.856923
44476.612308
44501.623077
44469.056923
44469.795385
44458.741538
44450.415385
44470.303077
44453.481538
44471.650769
44438.155385
44533.083077
44476.141538
44470.601538
44462.124615
44469.526154
44466.232308
44498.372308
44483.024615
44496.698462
44484.155385
44504.629231
44481.421538
44487.187692
44451.015385
44467.664615
44449.947692
44456.156923
44473.429231
44437.493846
44451.424615
44510.056923
44534.987692
44514.315385
44512.598462
44506.938462
44496.855385
44504.741538
44480.798462
44485.200000
44493.303077
44490.426154
44519.129231
44474.809231
44521.976923
44480.515385
44444.289231
44463.915385
44471.756923
44487.724615
44452.655385
44499.138462
44471.629231
44485.750769
44487.912308
44515.107692
44492.349231
44512.112308
44497.880000
44511.760000
44480.293846
44505.913846
44465.001538
44442.846154
44465.120000
44507.378462
44488.400000
44451.924615
44498.100000
44473.195385
44485.270769
44475.000000
44511.070769
44496.821538
44510.573846
44489.476923
44513.073846
44477.512308
44470.875385
44504.789231
44553.172308
44512.540000
44510.996923
44486.352308
44484.040000
44512.706154
44473.544615
44534.313846
44464.595385
44446.872308
44497.838462
44471.033846
44489.420000
44456.127692
44500.524615
44507.192308
44515.393846
44488.684615
44486.520000
44492.795385
44471.158462
44503.826154
44548.263077
44487.000000
44475.196923
44512.109231
44493.275385
44511.178462
44504.193846
44483.512308
44444.713846
44499.112308
44470.140000
44487.838462
44456.887692
44501.301538
44489.572308
44541.061538
44495.250769
44517.584615
44483.395385
44445.864615
44490.436923
44474.946154
44512.396923
44494.446154
44511.920000
44482.103077
44508.412308
44463.289231
44443.373846
44465.358462
44542.435385
44489.096923
44449.169231
44498.838462
44471.029231
44483.056923
44456.578462
44505.461538
44495.395385
44482.158462
44472.123077
44492.433846
44452.000000
44437.463077
44451.933846
44456.753846
44470.907692
44438.907692
44486.281538
44459.464615
44469.118462
44443.513846
44489.992308
44483.544615
44496.464615
44479.338462
44469.669231
44451.376923
44433.338462
44453.806154
44455.370769
44474.138462
44436.398462
44485.870769
44462.280000
44470.061538
44489.413846
44459.190769
44468.923077
44470.489231
44499.110769
44473.541538
44489.381538
44451.158462
44435.026154
44479.249231
44467.780000
44455.398462
44471.910769
44440.064615
44487.040000
44465.010769
44500.163077
44480.510769
44585.532308
44470.826154
44489.990769
44451.206154
44434.029231
44482.023077
44456.952308
44471.181538
44441.587692
44482.704615
44482.232308
44493.790769
44468.880000
44468.832308
44488.461538
44451.624615
44499.276923
44475.060000
44485.564615
44495.780000
44497.521538
44484.647692
44520.338462
44474.986154
44467.340000
44490.196923
44451.020000
44499.667692
44472.889231
44486.200000
44459.667692
44513.129231
44500.181538
44501.140000
44490.486154
44458.129231
44487.180000
44496.421538
44489.195385
44458.858462
44501.863077
44463.995385
44512.912308
44482.807692
44484.209231
44466.633846
44469.307692
44487.390769
44453.524615
44503.289231
44495.746154
44513.440000
44471.341538
44507.235385
44561.120000
44470.156923
44487.447692
44477.623077
44505.249231
44495.501538
44501.009231
44476.084615
44486.347692
44454.173846
44485.258462
44460.027692
44483.247692
44485.383077
44493.107692
44432.704615
44490.521538
44455.480000
44470.983077
44444.700000
44485.307692
44481.467692
44495.960000
44550.280000
44496.352308
44481.986154
44512.926154
44457.760000
44452.660000
44472.996923
44439.081538
44486.113846
44458.866154
44467.721538
44443.227692
44504.380000
44485.332308
44497.709231
44511.343077
44490.232308
44484.643077
44491.186154
44461.836923
44448.232308
44472.153846
44439.904615
44484.458462
44458.300000
44470.613846
44465.507692
44488.656923
44481.218462
44458.698462
44571.346154
44464.384615
44484.596923
44478.663077
44501.452308
44483.852308
44470.664615
44474.664615
44496.801538
44467.378462
44471.944615
44450.844615
44434.112308
44482.335385
44457.055385
44473.098462
44441.703077
44457.216923
44494.004615
44442.413846
44485.490769
44466.733846
44486.012308
44486.186154
44490.629231
44473.226154
44502.426154
44468.392308
44435.649231
44452.249231
44456.116923
44473.296923
44438.555385
44484.056923
44455.969231
44469.110769
44465.603077
44485.141538
44482.644615
44535.363077
44485.709231
44477.421538
44486.953846
44490.772308
44469.767692
44440.653846
44482.329231
44457.166154
44492.746154
44485.112308
44469.747692
44474.735385
44499.232308
44468.487692
44554.295385
44478.207692
44450.092308
44470.532308
44438.073846
44485.029231
44456.853846
44466.860000
44444.476923
44487.236923
44482.295385
44497.744615
44486.736923
44497.492308
44473.058462
44530.192308
44455.583077
44438.803077
44492.563077
44474.387692
44488.966154
44452.076923
44432.576923
44531.467692
44455.210769
44469.826154
44438.864615
44484.520000
44459.346154
44470.330769
44442.470769
44498.736923
44487.686154
44458.998462
44471.466154
44491.949231
44502.709231
44482.373846
44534.993846
44494.503077
44488.938462
44452.264615
44433.387692
44449.916923
44434.272308
44482.450769
44457.716923
44479.607692
44476.815385
44498.304615
44484.649231
44505.356923
44482.478462
44429.880000
44488.647692
44456.192308
44473.973846
44439.453846
44483.661538
44461.006154
44470.856923
44463.543077
44492.209231
44466.344615
44512.076923
44480.721538
44497.326154
44484.573846
44492.555385
44519.501538
44488.129231
44468.641538
44433.133846
44448.023077
44456.183077
44469.916923
44436.763077
44541.215385
44442.990769
44483.783077
44459.858462
44465.749231
44480.603077
44500.956923
44482.761538
44492.886154
44486.321538
44499.090769
44479.623077
44487.606154
44479.349231
44484.827692
44485.366154
44434.584615
44481.855385
44456.353846
44472.892308
44469.404615
44487.186154
44458.475385
44470.261538
44466.164615
44489.315385
44463.813846
44485.050769
44478.486154
44499.895385
44473.038462
44475.436923
44527.698462
44489.861538
44450.421538
44501.089231
44478.729231
44592.381538
44509.598462
44446.055385
44498.800000
44480.866154
44464.389231
44435.246154
44467.678462
44468.944615
44497.001538
44464.366154
44494.938462
44477.109231
44448.952308
44475.141538
44443.324615
44482.658462
44463.890769
44499.103077
44475.410769
44447.007692
44471.940000
44475.849231
44487.273846
44485.998462
44483.621538
44487.107692
44486.798462
44462.164615
44437.696923
44483.723077
44460.498462
44471.843077
44475.463077
44499.833846
44470.140000
44485.223077
44462.067692
44488.876923
44472.260000
44461.892308
44491.192308
44491.900000
44470.449231
44483.336923
44544.949231
44455.069231
44469.630769
44443.513846
44484.315385
44481.598462
44496.418462
44485.950769
44481.127692
44479.169231
44498.769231
44482.460000
44478.660000
44453.812308
44436.880000
44522.307692
44460.398462
44472.363077
44482.029231
44487.656923
44468.390769
44435.060000
44483.010769
44461.344615
44468.064615
44481.600000
44497.470769
44479.838462
44471.070769
44481.346154
44544.716923
44471.083077
44442.664615
44500.861538
44488.104615
44466.632308
44453.476923
44434.207692
44481.450769
44459.383077
44469.287692
44482.207692
44499.076923
44473.427692
44434.567692
44483.549231
44458.489231
44474.275385
44443.472308
44484.823077
44450.021538
44495.644615
44471.940000
44486.149231
44463.129231
44459.816923
44510.620000
44457.804615
44468.824615
44462.390769
44489.663077
44520.118462
44504.453846
44480.909231
44468.250769
44452.370769
44455.844615
44471.846154
44475.969231
44487.975385
44450.584615
44498.593846
44484.055385
44487.675385
44451.009231
44433.175385
44492.864615
44485.444615
44472.949231
44502.932308
44469.732308
44433.975385
44482.229231
44456.060000
44555.324615
44442.163077
44483.070769
44481.998462
44500.083077
44483.973846
44503.596923
44483.935385
44486.503077
44461.607692
44460.536923
44507.918462
44467.001538
44490.453846
44485.972308
44512.823077
44473.190769
44489.598462
44461.323077
44454.247692
44469.800000
44440.478462
44469.573846
44481.040000
44497.361538
44496.109231
44489.346154
44486.767692
44509.126154
44468.578462
44531.567692
44469.061538
44441.061538
44481.344615
44483.192308
44494.667692
44487.187692
44487.861538
44476.464615
44464.069231
44471.778462
44437.860000
44483.713846
44462.176923
44465.547692
44441.501538
44487.060000
44485.032308
44461.061538
44507.987692
44482.773846
44498.476923
44470.026154
44552.406154
44461.003077
44472.484615
44472.850769
44443.476923
44489.809231
44482.643077
44468.398462
44449.984615
44433.330769
44532.875385
44477.027692
44435.152308
44483.581538
44472.041538
44506.372308
44475.961538
44497.858462
44462.138462
44496.429231
44471.335385
44467.052308
44471.684615
44442.000000
44419.367692
44474.035385
44448.207692
44490.406154
44477.400000
44543.283077
44488.590769
44492.126154
44477.786154
44456.049231
44470.101538
44443.795385
44501.130769
44485.186154
44485.263077
44461.664615
44437.410769
44481.983077
44459.944615
44481.558462
44516.515385
44521.301538
44473.632308
44490.266154
44455.613846
44499.693846
44465.287692
44510.276923
44484.469231
44446.312308
44496.620000
44475.441538
44484.598462
44459.189231
44513.609231
44487.098462
44518.786154
44488.296923
44474.303077
44503.584615
44472.595385
44486.530769
44492.970769
44561.663077
44534.493846
44521.441538
44475.650769
44474.056923
44502.706154
44472.527692
44483.056923
44491.050769
44511.956923
44486.144615
44471.332308
44506.860000
44514.643077
44530.203077
44559.183077
44446.589231
44498.110769
44473.036923
44487.221538
44480.261538
44515.187692
44495.313846
44484.767692
44487.480000
44457.956923
44487.501538
44450.726154
44499.958462
44472.292308
44551.356923
44493.332308
44503.972308
44459.621538
44489.312308
44451.803077
44502.998462
44463.041538
44486.770769
44492.075385
44512.864615
44487.966154
44445.486154
44497.187692
44470.576923
44497.933846
44486.156923
44452.743077
44500.881538
44495.489231
44510.487692
44487.373846
44518.869231
44483.369231
44447.032308
44498.980000
44472.498462
44485.755385
44480.678462
44514.821538
44576.587692
44502.587692
44464.356923
44449.295385
44496.843077
44492.240000
44503.352308
44480.789231
44452.183077
44496.186154
44509.976923
44474.606154
44485.607692
44517.561538
44514.561538
44526.443077
44504.218462
44462.598462
44443.038462
44500.353846
44469.163077
44487.783077
44455.080000
44500.349231
44493.304615
44529.100000
44494.752308
44498.213846
44465.752308
44445.118462
44581.738462
44470.152308
44488.112308
44454.509231
44502.116923
44493.984615
44511.576923
44486.787692
44518.909231
44479.770769
44476.252308
44506.061538
44471.543077
44485.026154
44456.490769
44559.858462
44533.610769
44500.600000
44484.816923
44506.590769
44473.696923
44464.816923
44486.986154
44453.558462
44500.984615
44492.778462
44511.513846
44487.369231
44517.223077
44482.024615
44452.406154
44556.084615
44452.590769
44500.046154
44487.755385
44485.046154
44491.381538
44512.701538
44484.816923
44504.893846
44463.116923
44447.281538
44496.650769
44468.912308
44484.998462
44457.223077
44558.892308
44492.836923
44500.543077
44486.473846
44514.729231
44481.267692
44483.523077
44510.824615
44479.718462
44473.323077
44483.926154
44473.272308
44448.607692
44473.118462
44440.738462
44523.764615
44464.450769
44483.710769
44483.710769
44502.043077
44471.595385
44488.684615
44451.267692
44467.360000
44452.901538
44453.007692
44474.363077
44438.026154
44485.941538
44461.186154
44536.764615
44477.240000
44499.176923
44472.073846
44489.630769
44450.364615
44468.012308
44455.572308
44454.813846
44471.753846
44438.870769
44483.444615
44461.656923
44469.946154
44483.390769
44499.747692
44483.510769
44468.587692
44453.444615
44457.820000
44470.966154
44441.678462
44486.869231
44484.376923
44496.593846
44475.193846
44446.163077
44473.307692
44439.073846
44521.250769
44482.907692
44492.493846
44475.626154
44489.993846
44461.340000
44438.586154
44484.624615
44459.173846
44472.161538
44442.604615
44467.347692
44474.283077
44497.052308
44473.146154
44462.949231
44439.906154
44521.193846
44459.960000
44469.783077
44481.420000
44498.693846
44474.949231
44483.592308
44467.829231
44455.612308
44469.472308
44442.401538
44486.144615
44484.115385
44498.347692
44475.501538
44519.118462
44468.721538
44439.301538
44487.167692
44464.350769
44468.113846
44482.493846
44489.086154
44474.053846
44432.593846
44488.950769
44487.233846
44487.815385
44468.621538
44440.700000
44524.996923
44457.106154
44471.873846
44443.309231
44468.049231
44482.409231
44502.364615
44461.824615
44563.644615
44455.850769
44512.986154
44463.606154
44442.238462
44485.689231
44483.798462
44532.823077
44475.816923
44503.200000
44469.124615
44434.946154
44483.433846
44459.529231
44471.786154
44480.760000
44497.213846
44472.238462
44488.375385
44451.155385
44456.618462
44443.092308
44544.430769
44457.181538
44484.912308
44480.216923
44498.246154
44474.516923
44504.203077
44469.663077
44438.700000
44481.984615
44458.172308
44468.518462
44481.120000
44496.729231
44487.200000
44433.633846
44482.824615
44457.933846
44473.593846
44482.046154
44457.756923
44468.020000
44443.210769
44500.896923
44472.353846
44490.200000
44447.970769
44436.587692
44483.016923
44460.830769
44469.555385
44557.196923
44496.481538
44473.107692
44477.281538
44482.000000
44456.707692
44470.032308
44474.916923
44496.916923
44485.016923
44500.256923
44475.207692
44496.670769
44463.693846
44459.744615
44546.260000
44477.781538
44489.715385
44484.229231
44468.055385
44484.475385
44444.470769
44472.847692
44437.718462
44485.412308
44461.296923
44496.683077
44473.212308
44502.435385
44468.652308
44513.015385
44485.641538
44460.196923
44469.763077
44445.687692
44499.920000
44483.935385
44482.986154
44450.006154
44438.270769
44481.567692
44458.016923
44469.680000
44479.749231
44472.460000
44486.870769
44501.712308
44487.190769
44483.352308
44496.447692
44475.583077
44503.706154
44466.981538
44435.700000
44453.893846
44469.253846
44463.941538
44500.224615
44483.640000
44469.523077
44499.896923
44455.461538
44472.807692
44443.992308
44498.996923
44498.100000
44498.986154
44476.840000
44491.312308
44466.178462
44456.056923
44490.433846
44456.049231
44470.404615
44444.366154
44487.861538
44481.784615
44511.804615
44461.984615
44496.133846
44471.836923
44433.541538
44506.918462
44465.470769
44489.267692
44458.813846
44469.956923
44480.927692
44496.887692
44481.264615
44483.596923
44451.930769
44436.163077
44481.400000
44458.183077
44471.586154
44443.386154
44486.098462
44520.616923
44498.341538
44484.798462
44488.809231
44473.655385
44481.640000
44452.043077
44433.121538
44482.827692
44453.575385
44488.463077
44449.546154
44510.953846
44481.540000
44453.056923
44469.767692
44488.304615
44463.633846
44486.687692
44455.661538
44470.161538
44548.944615
44502.221538
44483.384615
44496.818462
44473.387692
44503.786154
44466.450769
44433.820000
44461.933846
44471.467692
44471.410769
44440.423077
44475.886154
44480.364615
44499.469231
44495.975385
44507.100000
44466.535385
44440.855385
44481.933846
44456.009231
44469.072308
44443.203077
44487.086154
44496.521538
44500.656923
44473.689231
44471.203077
44454.580000
44457.456923
44472.246154
44442.616923
44486.927692
44481.053846
44497.927692
44476.372308
44502.761538
44465.218462
44454.296923
44472.466154
44442.013846
44469.804615
44481.563077
44500.095385
44481.847692
44468.387692
44507.498462
44497.433846
44489.309231
44490.629231
44464.753846
44502.664615
44455.012308
44490.418462
44468.230769
44523.086154
44486.840000
44480.833846
44512.827692
44483.107692
44445.784615
44498.196923
44470.440000
44487.312308
44455.944615
44540.872308
