44502.011000
44486.503000
44551.707000
44510.242000
44439.657000
44495.762000
44470.953000
44444.540000
44519.482000
44481.448000
44457.023000
44480.734000
44491.636000
44457.327000
44512.147000
44485.869000
44450.623000
44477.955000
44489.777000
44459.944000
-955364.304000
44482.743000
44457.250000
44480.463000
44497.657000
44458.826000
44517.138000
44486.725000
44449.660000
44477.725000
44478.764000
44468.448000
44489.184000
44498.162000
44433.586000
45064.000000
44477.245000
44470.516000
-955502.334000
44497.162000
44444.137000
44480.374000
44481.454000
44473.266000
44486.635000
44556.077000
44463.290000
44498.497000
44455.626000
44496.738000
44482.845000
44440.051000
44492.878000
44474.531000
44473.913000
-955477.170000
44495.140000
44437.180000
44476.004000
44498.559000
44508.629000
44479.192000
44446.075000
44504.578000
44476.753000
44483.223000
44494.494000
44464.119000
44443.420000
44493.510000
44483.193000
44456.242000
44485.525000
-955516.472000
44439.562000
44504.371000
44473.011000
44459.900000
44471.288000
44452.750000
44473.199000
44480.331000
44497.042000
44467.697000
44512.205000
44434.998000
44502.956000
44471.804000
45048.634000
44493.091000
44515.360000
-955426.277000
44490.694000
44473.168000
44470.491000
44491.057000
44476.952000
44470.697000
44482.712000
44496.430000
44433.558000
44480.839000
44497.011000
44471.921000
44484.685000
44496.285000
44441.180000
44491.543000
44502.959000
44466.362000
44473.281000
44497.679000
44498.497000
44437.617000
44475.759000
45071.671000
44458.380000
44520.541000
-955453.244000
44451.152000
44501.858000
44477.968000
44469.814000
44499.018000
44462.601000
44434.718000
44470.414000
44450.192000
44470.370000
44507.134000
44452.054000
44486.060000
44459.208000
44436.321000
44492.519000
-955441.108000
44460.654000
44485.578000
44492.966000
44430.373000
44482.051000
44466.427000
44483.992000
44481.472000
44455.553000
44483.211000
44470.386000
44459.149000
44512.156000
44485.411000
45032.169000
44496.919000
44528.424000
-955423.126000
44482.147000
44491.070000
44456.958000
44520.891000
44486.759000
44452.013000
44480.482000
44490.879000
44458.764000
44511.895000
44450.177000
44442.961000
44500.064000
44468.076000
45026.307000
44488.648000
44563.317000
44444.721000
44506.811000
44452.177000
44456.755000
44468.682000
44497.254000
44454.790000
44504.525000
44481.697000
44456.537000
44494.651000
44481.112000
44474.140000
44480.491000
44500.085000
44443.235000
44475.992000
-955390.359000
44449.497000
44499.958000
44470.267000
44449.250000
44499.242000
44482.900000
44485.796000
44470.460000
44476.777000
44491.368000
44510.909000
44460.753000
44514.803000
44492.698000
44447.051000
44501.460000
44483.571000
-955477.059000
44480.940000
44500.710000
44444.525000
44489.950000
44477.955000
44466.472000
44482.510000
44486.193000
-955515.312000
44458.626000
44476.562000
44488.494000
44455.894000
44491.959000
44479.180000
44479.057000
44493.759000
44463.017000
44448.294000
44491.288000
44492.343000
44456.537000
44507.212000
44481.857000
44463.777000
44546.024000
-955438.926000
44451.411000
44478.045000
44495.417000
44442.660000
44476.094000
44491.254000
44455.598000
44492.815000
44473.774000
44438.604000
44508.399000
44478.405000
44498.703000
44481.223000
44446.931000
44478.101000
-955433.567000
44458.737000
44481.651000
44477.448000
44450.091000
44498.055000
44468.771000
44471.432000
44496.959000
44492.230000
44456.848000
44467.389000
44488.023000
44455.115000
44481.134000
45079.309000
44455.949000
44466.639000
-955443.730000
44459.023000
44504.014000
44477.278000
44473.051000
44484.454000
44451.389000
44455.799000
44469.343000
44452.460000
44500.153000
44501.199000
44451.826000
44494.793000
44472.159000
45049.535000
44482.657000
44516.474000
-955542.493000
44481.642000
44494.331000
44471.836000
44490.273000
44483.749000
44451.275000
44497.008000
44481.636000
44491.894000
44457.620000
44478.789000
44469.657000
44435.376000
44488.559000
44493.355000
44446.451000
-955444.478000
44493.590000
44470.921000
44482.347000
44500.162000
44458.386000
44466.405000
44494.981000
44455.088000
44502.821000
44483.731000
44460.712000
44466.506000
44454.361000
44434.355000
45080.720000
44478.580000
44454.823000
-955524.565000
44503.414000
44468.953000
44467.836000
44522.503000
44482.236000
45030.529000
44489.396000
44477.620000
-955466.767000
44495.815000
44483.504000
44449.094000
44466.224000
44455.232000
44438.485000
44478.048000
44491.202000
44442.337000
44474.104000
44514.946000
44439.992000
44506.301000
44462.992000
44468.113000
44489.824000
44503.291000
-955517.961000
44487.867000
44459.186000
44489.885000
44478.949000
44477.125000
44480.645000
44502.947000
44442.725000
44488.399000
44478.998000
44469.233000
44485.369000
44452.746000
44461.316000
44471.180000
44495.729000
44516.085000
44499.045000
44478.313000
44485.629000
44493.297000
44484.949000
44480.663000
44500.227000
44464.583000
44478.008000
44446.309000
44479.799000
44454.584000
44456.536000
44471.980000
45080.736000
44445.562000
44494.303000
-955431.908000
44482.319000
44473.239000
44471.715000
44495.267000
44502.925000
44459.666000
44513.934000
44453.463000
44455.740000
44487.590000
44479.076000
44437.888000
44481.812000
44462.962000
45036.492000
44468.540000
44495.919000
-955546.238000
44533.877000
44483.106000
44441.139000
44472.088000
44475.433000
44492.823000
44507.547000
44437.466000
44501.291000
44475.713000
44456.955000
44504.399000
44478.534000
44461.202000
44469.614000
44452.626000
44468.236000
44502.076000
44484.719000
44447.786000
44469.835000
44485.663000
44498.306000
44484.568000
44457.445000
44482.402000
44485.433000
44461.263000
44481.014000
44480.429000
44459.568000
44490.971000
44447.801000
44484.298000
44472.177000
44469.156000
44496.229000
44462.110000
44440.497000
44479.900000
44483.312000
44465.266000
44491.057000
44526.371000
44440.758000
44481.921000
44479.700000
44450.820000
44483.921000
44451.069000
44481.630000
44490.150000
44697.124000
44472.611000
44449.903000
44484.541000
44454.300000
44482.251000
45059.963000
44471.122000
44481.377000
-955501.878000
44439.574000
44496.215000
44468.654000
44468.857000
44481.706000
44493.165000
44447.909000
44481.325000
44486.411000
44460.247000
44495.651000
44489.663000
44473.654000
44483.728000
45037.671000
44497.387000
44482.759000
-955543.653000
44480.605000
44494.295000
44458.672000
44503.845000
44487.559000
44446.146000
44473.931000
44492.414000
44458.282000
44496.063000
44479.784000
44480.623000
44472.156000
44471.149000
45077.954000
44499.273000
44436.847000
44496.618000
44516.685000
44468.651000
44488.864000
44492.651000
44446.617000
44482.901000
44481.867000
44494.411000
44481.925000
44451.041000
44482.128000
44480.156000
44458.786000
44497.968000
44484.116000
44456.072000
-955442.745000
44491.421000
44459.051000
44499.156000
44483.983000
44483.869000
44477.377000
44470.057000
44494.140000
44495.744000
44436.325000
44497.774000
44479.436000
44467.949000
44483.869000
44492.061000
44448.644000
44552.308000
-955475.154000
44462.728000
44487.469000
44489.466000
44473.728000
44483.383000
44457.525000
44504.983000
44570.751000
44447.334000
44477.482000
44450.992000
44475.894000
44469.694000
44499.664000
44495.420000
44442.183000
44536.350000
44489.786000
44448.602000
44482.390000
44493.017000
44479.223000
44470.491000
45062.794000
44490.805000
44446.380000
-955499.499000
44516.922000
44464.660000
44487.528000
44488.488000
44474.346000
44484.180000
44460.303000
44509.239000
44458.260000
44447.525000
44470.078000
44494.783000
44453.494000
44494.460000
44481.587000
44451.764000
-955453.776000
44490.913000
44446.167000
44497.608000
44479.417000
44494.491000
44483.100000
44468.678000
44498.312000
44461.005000
44435.306000
44482.777000
44473.134000
44466.220000
44482.636000
44491.873000
44442.395000
44481.344000
-955475.992000
44460.220000
44489.556000
44487.839000
44474.221000
44483.420000
44460.005000
44510.135000
44483.076000
44450.417000
44483.833000
44499.116000
44457.011000
44497.082000
44483.128000
44458.288000
44476.035000
44536.467000
-955421.200000
44494.372000
44487.876000
44453.214000
44471.567000
44490.362000
44438.598000
44497.147000
44440.546000
44493.291000
44466.417000
44490.916000
44492.848000
44456.290000
44497.184000
44482.747000
44454.530000
-955492.137000
44491.774000
44459.312000
44498.509000
44490.789000
44511.418000
44465.368000
45053.016000
44478.574000
44499.854000
44476.267000
44499.095000
44486.540000
44476.033000
44493.651000
44504.627000
44435.875000
44501.910000
44468.205000
44470.223000
44495.242000
44493.008000
44433.943000
44481.925000
44477.118000
44468.672000
44483.587000
-955438.209000
44441.792000
44487.798000
44481.584000
44471.050000
44481.642000
44499.310000
44429.173000
44483.257000
44458.155000
44510.076000
44469.657000
44466.882000
44490.048000
44463.513000
44434.426000
44487.094000
44481.550000
-955408.588000
44484.786000
44497.316000
44433.386000
44490.472000
44464.703000
44497.541000
44473.260000
44469.119000
44494.264000
44464.128000
44434.010000
44482.448000
44479.430000
44473.352000
44484.245000
44500.808000
44517.289000
-955452.028000
44474.020000
44459.654000
44481.571000
44455.950000
44479.038000
44474.359000
44456.050000
44474.835000
44456.392000
44515.737000
44437.613000
44505.313000
44464.740000
44474.030000
44481.370000
44499.956000
-955525.196000
44483.058000
44478.509000
44463.436000
44482.205000
44491.906000
44443.232000
44483.276000
44471.823000
44462.091000
44482.559000
44495.796000
44466.894000
44492.177000
44456.257000
45092.563000
44496.095000
44448.417000
-955512.839000
44475.321000
44456.045000
44495.488000
44483.549000
44454.568000
44469.639000
44496.864000
44448.057000
44502.608000
44438.863000
44530.621000
44483.328000
44453.417000
44480.891000
45072.773000
44473.903000
44508.482000
-955516.669000
44452.860000
44481.629000
44495.642000
44456.722000
44515.027000
44482.464000
44463.706000
44464.349000
44498.624000
44451.967000
44499.116000
44480.741000
44453.946000
44466.279000
44449.137000
44436.214000
-955446.597000
44476.258000
44443.718000
44473.038000
44487.913000
44439.745000
44488.961000
44478.746000
44471.897000
44524.264000
44499.916000
44429.749000
44483.716000
44459.783000
44496.137000
44480.091000
44451.288000
44480.371000
44491.384000
44469.244000
44466.574000
44463.719000
44481.598000
44493.670000
44438.370000
44483.842000
44461.518000
-955455.462000
44482.522000
44458.463000
44481.155000
44498.143000
44457.306000
44501.992000
44482.227000
44458.654000
44470.527000
44524.396000
44472.270000
44498.544000
44481.362000
44454.281000
44469.402000
44496.279000
44490.845000
-955361.030000
44456.146000
44517.937000
44479.180000
44450.715000
44478.110000
44477.497000
44458.992000
44496.392000
44483.528000
44456.860000
44465.331000
44493.910000
44452.368000
44504.470000
44484.457000
44459.842000
44548.495000
44487.799000
44446.069000
44497.602000
44479.174000
44482.808000
44471.953000
44469.168000
44497.738000
44499.100000
44436.568000
44503.491000
44481.922000
44476.527000
44480.011000
44499.971000
44444.675000
44486.506000
-955488.518000
44464.755000
44501.061000
44470.679000
44464.878000
44495.180000
44482.134000
44445.272000
44486.119000
44466.023000
44481.134000
44503.236000
44439.396000
44477.346000
44488.692000
45051.647000
44497.334000
44569.726000
-955494.899000
44481.242000
44474.094000
44468.531000
44497.861000
44486.063000
44449.053000
44495.347000
44477.186000
44528.950000
44491.592000
44457.845000
44489.521000
44475.033000
44432.272000
45080.139000
44479.470000
44489.750000
44495.436000
44474.396000
44451.081000
44499.919000
44478.276000
44536.058000
44487.113000
44460.269000
44479.528000
44499.750000
44461.202000
44484.008000
44473.507000
44473.100000
45068.732000
44477.340000
44467.679000
-955453.570000
44489.695000
44433.195000
44497.436000
44468.414000
44444.352000
44480.414000
44492.789000
44434.481000
44475.168000
44494.060000
44476.900000
44496.519000
44485.990000
44443.139000
45065.788000
44483.211000
44493.466000
-955515.159000
44470.288000
44440.260000
44498.433000
44490.137000
44435.005000
44482.417000
44479.359000
44469.774000
-955459.222000
44497.556000
44457.088000
44495.845000
44489.131000
44467.380000
44493.399000
44490.719000
44441.820000
44487.288000
44478.740000
44480.144000
44491.132000
44472.910000
44448.376000
45053.052000
44492.587000
44453.850000
-955390.141000
44492.504000
44452.962000
44496.091000
44480.060000
44463.518000
44490.789000
44486.660000
44441.438000
44488.168000
44472.838000
44496.993000
44446.097000
44498.469000
44491.454000
44453.728000
44484.125000
-955465.607000
44438.226000
44501.792000
44467.931000
44449.546000
44483.223000
44489.580000
44437.530000
44499.565000
44465.900000
44453.466000
44481.919000
44488.220000
44445.804000
44482.829000
45036.360000
44447.189000
44482.371000
-955506.530000
44444.167000
44488.943000
44469.952000
44493.984000
44488.125000
44454.190000
44488.322000
44477.408000
44471.918000
44490.636000
44495.728000
44469.260000
44499.094000
44463.651000
45018.738000
44472.709000
44482.564000
44474.383000
44496.072000
44464.737000
44457.546000
44497.971000
44479.168000
44457.792000
44497.159000
44483.436000
44442.038000
44488.977000
44495.307000
44450.278000
44485.020000
44493.851000
44459.109000
44477.315000
-955470.447000
44454.925000
44492.076000
44492.968000
44454.127000
44468.746000
44493.971000
44452.457000
44480.002000
44495.735000
44443.208000
44487.531000
44493.617000
44457.786000
44481.466000
44493.749000
44448.026000
44556.864000
44470.367000
44490.251000
44477.131000
44478.294000
44491.820000
44455.811000
44511.698000
44489.913000
44450.398000
-955428.234000
44493.309000
44464.959000
44481.171000
44463.441000
44436.112000
44498.242000
44474.272000
44471.070000
44495.042000
44485.636000
44487.208000
44467.165000
44492.789000
44451.614000
44493.412000
44488.504000
44527.877000
-955475.570000
44492.703000
44455.497000
44500.374000
44482.577000
44448.481000
44482.008000
44488.383000
44467.318000
44494.044000
44485.386000
44456.666000
44480.032000
44493.393000
44461.223000
44512.962000
44489.307000
-955455.050000
44485.248000
44484.731000
44460.810000
44493.334000
44491.956000
44436.875000
44486.285000
44455.792000
44497.679000
44492.399000
44443.156000
44497.855000
44479.171000
44470.753000
45081.613000
44483.361000
44449.870000
-955494.537000
44469.888000
44470.728000
44497.368000
44498.341000
44438.518000
44478.944000
44492.304000
44458.854000
44503.405000
44466.066000
44464.426000
44498.052000
44475.525000
44437.767000
45056.763000
44491.688000
44458.500000
-955500.625000
44469.484000
44436.211000
44481.384000
44494.857000
44453.226000
44483.802000
44493.885000
44458.888000
44475.312000
44532.418000
44474.772000
44489.645000
44456.592000
44454.515000
44469.783000
44496.349000
-955463.102000
44493.341000
44488.719000
44459.765000
44476.300000
44492.636000
44451.853000
44493.128000
44484.860000
44456.146000
44471.211000
44459.260000
44464.251000
44491.254000
44491.700000
44444.722000
44474.829000
44490.744000
44448.746000
44493.396000
44468.220000
44445.223000
44490.931000
44478.617000
45015.391000
44482.596000
44463.958000
-955495.761000
44498.196000
44465.054000
44446.177000
44490.956000
44490.276000
44476.365000
44484.485000
44471.327000
44488.411000
44494.993000
44485.408000
44508.227000
44491.137000
44445.352000
44488.639000
44477.082000
44456.343000
-955424.388000
44494.313000
44449.337000
44472.866000
44493.257000
44453.506000
44490.824000
44468.630000
44445.552000
44485.236000
44497.747000
44489.340000
44497.568000
44438.989000
44482.101000
44503.538000
44721.424000
44540.605000
44497.381000
44469.208000
44445.349000
44497.907000
44438.829000
44495.731000
44489.904000
44462.205000
44480.885000
44500.362000
44493.805000
44483.433000
44463.962000
44484.892000
44493.380000
44438.158000
44502.414000
-955499.829000
44504.971000
44494.220000
44436.121000
44484.719000
44491.168000
44455.734000
44486.026000
44478.715000
44447.383000
44480.399000
44509.386000
44457.414000
44494.196000
44486.042000
44456.030000
44475.885000
44578.742000
-955530.764000
44489.793000
44459.488000
44450.610000
44488.229000
44473.082000
44446.328000
44498.297000
44457.533000
44489.962000
44487.660000
44458.934000
44502.297000
44479.069000
44446.850000
44489.226000
44492.042000
44505.923000
44489.088000
44459.746000
44456.805000
44485.424000
44476.414000
44449.171000
44484.359000
44462.432000
44451.986000
-955526.060000
44447.099000
44444.549000
44491.230000
44470.315000
44430.078000
44484.304000
44465.325000
44492.325000
44481.476000
44452.272000
44511.710000
44479.168000
44471.202000
44495.208000
44464.340000
44449.697000
-955369.085000
44483.297000
44477.568000
44485.645000
44451.998000
44456.882000
44472.534000
44494.313000
44451.069000
44505.005000
44478.143000
44500.706000
44485.029000
44482.067000
44474.196000
44455.734000
44518.350000
44484.814000
-955483.961000
44488.380000
44484.242000
44466.845000
44483.435000
44454.352000
44440.136000
44494.223000
44479.777000
44472.053000
44484.765000
44470.053000
44442.962000
44487.992000
44477.678000
45031.028000
44486.556000
44494.386000
44430.725000
44485.762000
44465.586000
44446.746000
44500.682000
44478.805000
44502.414000
44472.266000
44470.531000
44496.149000
44476.005000
44491.011000
44495.777000
44467.057000
44435.931000
44483.599000
44477.996000
-955473.659000
44485.737000
44465.060000
44473.457000
44482.506000
44454.795000
44455.069000
44486.552000
44481.335000
44444.813000
44478.568000
44498.199000
44457.463000
44467.374000
44495.331000
44456.337000
44507.368000
44482.110000
-955555.298000
44481.418000
44501.374000
44453.232000
44484.553000
44495.703000
44454.081000
44471.094000
44451.706000
44474.734000
44483.590000
44451.226000
44497.935000
44471.144000
44446.408000
44476.506000
44507.756000
44461.685000
-955452.431000
44483.291000
44452.826000
44481.395000
44485.949000
44472.393000
45032.719000
44481.952000
44483.863000
44462.242000
44509.125000
44486.057000
44447.466000
44498.454000
44481.365000
44471.060000
44496.873000
44462.411000
44438.577000
44477.334000
44502.980000
44433.140000
44477.454000
44502.833000
44456.743000
44518.993000
-955400.920000
44435.094000
44477.722000
44489.030000
44457.293000
44514.667000
44485.983000
44449.808000
44479.780000
44499.012000
44456.380000
44514.092000
44450.798000
44454.543000
44478.753000
45096.035000
44438.112000
44502.374000
44491.516000
44438.377000
44495.470000
44472.303000
44472.439000
44481.168000
45070.978000
44445.777000
44482.534000
-955509.211000
44463.389000
44480.827000
44492.239000
44432.143000
44484.180000
44472.386000
44480.555000
44479.583000
44448.829000
44501.624000
44474.534000
44468.322000
44498.630000
44496.020000
45041.831000
44481.067000
44501.060000
-955440.404000
44496.907000
44484.568000
44456.565000
44469.894000
44455.056000
44465.820000
44500.630000
44481.633000
44460.229000
44471.079000
44507.722000
44449.823000
44493.879000
44493.568000
44500.750000
44461.842000
-955440.505000
44486.356000
44435.374000
44474.651000
44500.796000
44454.903000
44481.233000
44495.704000
44442.605000
44488.075000
44475.777000
44469.399000
44494.620000
44477.805000
44441.780000
44472.318000
44517.704000
44492.835000
-955350.796000
44437.561000
44505.599000
44475.211000
44444.928000
44511.738000
44451.008000
44452.906000
44489.664000
44480.707000
44438.207000
44502.789000
44486.497000
44455.032000
44470.248000
45071.118000
44454.291000
44556.560000
-955534.577000
44456.500000
44471.814000
44491.399000
44452.497000
44505.119000
44481.607000
44444.820000
44482.842000
44495.411000
44451.173000
44496.405000
44498.091000
44428.345000
44475.811000
44461.020000
44465.319000
-955478.284000
