813334.000000
772564.000000
773358.000000
798524.000000
820722.000000
803367.000000
767767.000000
899406.000000
765434.000000
798457.000000
821282.000000
769373.000000
769958.000000
771026.000000
769140.000000
796223.000000
766900.000000
773094.000000
770278.000000
804891.000000
799238.000000
768982.000000
806620.000000
800562.000000
767010.000000
766795.000000
811211.000000
767502.000000
821054.000000
771585.000000
769939.000000
770828.000000
774930.000000
770674.000000
798047.000000
775112.000000
766238.000000
828186.000000
766509.000000
768878.000000
769662.000000
814734.000000
802423.000000
758007.000000
756589.000000
771948.000000
813368.000000
766918.000000
806060.000000
768841.000000
771705.000000
773571.000000
774220.000000
814540.000000
768912.000000
792918.000000
771204.000000
804318.000000
765309.000000
801740.000000
869679.000000
799352.000000
810177.000000
768266.000000
762527.000000
766007.000000
770829.000000
768521.000000
814635.000000
800549.000000
768429.000000
763964.000000
769712.000000
756493.000000
863972.000000
802509.000000
767610.000000
773201.000000
795598.000000
769767.000000
799497.000000
752047.000000
766773.000000
859347.000000
768471.000000
771204.000000
766351.000000
767367.000000
833460.000000
796660.000000
795654.000000
768180.000000
812367.000000
796845.000000
803475.000000
809820.000000
801866.000000
826558.000000
792982.000000
793826.000000
769586.000000
815909.000000
770065.000000
763324.000000
767518.000000
811633.000000
986222.000000
809085.000000
771438.000000
768693.000000
770222.000000
816820.000000
814294.000000
804186.000000
800223.000000
812989.000000
813128.000000
764284.000000
805857.000000
797417.000000
802364.000000
793275.000000
856565.000000
812506.000000
809081.000000
815242.000000
807127.000000
803682.000000
759407.000000
768469.000000
770881.000000
866181.000000
767035.000000
770465.000000
768231.000000
800472.000000
771315.000000
821567.000000
813321.000000
762798.000000
769475.000000
766585.000000
769777.000000
800524.000000
796752.000000
806488.000000
767198.000000
808429.000000
797054.000000
767859.000000
769752.000000
766484.000000
797792.000000
754336.000000
760607.000000
758149.000000
771176.000000
770395.000000
767330.000000
769023.000000
768155.000000
772321.000000
766976.000000
832574.000000
806820.000000
818974.000000
765398.000000
771167.000000
798706.000000
763921.000000
796931.000000
796088.000000
839273.000000
794884.000000
806774.000000
808537.000000
765705.000000
773814.000000
754453.000000
766422.000000
765841.000000
874645.000000
803309.000000
819657.000000
770749.000000
768579.000000
771668.000000
772570.000000
770253.000000
772272.000000
766850.000000
766493.000000
766152.000000
770017.000000
767970.000000
865833.000000
808884.000000
768484.000000
769610.000000
769189.000000
773001.000000
771524.000000
823989.000000
771016.000000
819830.000000
770204.000000
802826.000000
800118.000000
800281.000000
822888.000000
770468.000000
763257.000000
767761.000000
893221.000000
793287.000000
796078.000000
793318.000000
799746.000000
805072.000000
801143.000000
796475.000000
769991.000000
767290.000000
767195.000000
791589.000000
820356.000000
794324.000000
767152.000000
763946.000000
800044.000000
773118.000000
807759.000000
770700.000000
814810.000000
773637.000000
813251.000000
766598.000000
812371.000000
772204.000000
766435.000000
769487.000000
767234.000000
805608.000000
769918.000000
798983.000000
812638.000000
814777.000000
766974.000000
859079.000000
802179.000000
803103.000000
761758.000000
755681.000000
772927.000000
806195.000000
756653.000000
766918.000000
818546.000000
806368.000000
771118.000000
798724.000000
758545.000000
770447.000000
768831.000000
802097.000000
-999123757.000000
802500.000000
770589.000000
810910.000000
820555.000000
805977.000000
808134.000000
812229.000000
766740.000000
892984.000000
826445.000000
770142.000000
759170.000000
769804.000000
809075.000000
771207.000000
772146.000000
792656.000000
814106.000000
815725.000000
770878.000000
766151.000000
753327.000000
815370.000000
765268.000000
871913.000000
809051.000000
800656.000000
816395.000000
770020.000000
771761.000000
806857.000000
801481.000000
767161.000000
899122.000000
800977.000000
793045.000000
807162.000000
800893.000000
768656.000000
765201.000000
768917.000000
789595.000000
860907.000000
766872.000000
768844.000000
755705.000000
798401.000000
809845.000000
809559.000000
814318.000000
809512.000000
800579.000000
769998.000000
769733.000000
770991.000000
812180.000000
839340.000000
763163.000000
796543.000000
803017.000000
764552.000000
812743.000000
795958.000000
812198.000000
768017.000000
881359.000000
818426.000000
774657.000000
818201.000000
892015.000000
815020.000000
766186.000000
757163.000000
811743.000000
771727.000000
763856.000000
768807.000000
805568.000000
768986.000000
757911.000000
768462.000000
815161.000000
767570.000000
828568.000000
770065.000000
793736.000000
796020.000000
804472.000000
804499.000000
766625.000000
801211.000000
798894.000000
766638.000000
768958.000000
814497.000000
811267.000000
767930.000000
761813.000000
805872.000000
817358.000000
773502.000000
767955.000000
759041.000000
801850.000000
812069.000000
801279.000000
878500.000000
807008.000000
800088.000000
815485.000000
770521.000000
805315.000000
794764.000000
813245.000000
767367.000000
769168.000000
811716.000000
810081.000000
771542.000000
764946.000000
818220.000000
770296.000000
770333.000000
763490.000000
767188.000000
799937.000000
765428.000000
806651.000000
769700.000000
830387.000000
771306.000000
767259.000000
766583.000000
766607.000000
818254.000000
770340.000000
817106.000000
802423.000000
909308.000000
771617.000000
770570.000000
884809.000000
768265.000000
814183.000000
770561.000000
796081.000000
775404.000000
768678.000000
767779.000000
811124.000000
818795.000000
766702.000000
755351.000000
766786.000000
803718.000000
805328.000000
776158.000000
793979.000000
807856.000000
812583.000000
867113.000000
769383.000000
798244.000000
768952.000000
767333.000000
851790.000000
819352.000000
809217.000000
765401.000000
768336.000000
810768.000000
767115.000000
800648.000000
772610.000000
881531.000000
801709.000000
755278.000000
767675.000000
761105.000000
769078.000000
796039.000000
773157.000000
771146.000000
828623.000000
810799.000000
769844.000000
769063.000000
772324.000000
771694.000000
768571.000000
796863.000000
802647.000000
812186.000000
759327.000000
805955.000000
818091.000000
766321.000000
890036.000000
766426.000000
767398.000000
767511.000000
763509.000000
818300.000000
758462.000000
771857.000000
795693.000000
850786.000000
772896.000000
806749.000000
800208.000000
766392.000000
767056.000000
770585.000000
811041.000000
801983.000000
856753.000000
791934.000000
795663.000000
807866.000000
823844.000000
906148.000000
770860.000000
768801.000000
802293.000000
764305.000000
768632.000000
810303.000000
797733.000000
810586.000000
854904.000000
755419.000000
771410.000000
793792.000000
814851.000000
802644.000000
807835.000000
768857.000000
808392.000000
852799.000000
757635.000000
768653.000000
795432.000000
812654.000000
810860.000000
767447.000000
765281.000000
769127.000000
767835.000000
821854.000000
803057.000000
765127.000000
811235.000000
769287.000000
773586.000000
768232.000000
770610.000000
767721.000000
795373.000000
818472.000000
806454.000000
828912.000000
800577.000000
769413.000000
754647.000000
814027.000000
773456.000000
770734.000000
767429.000000
797241.000000
863590.000000
769691.000000
813297.000000
802235.000000
799352.000000
768813.000000
772207.000000
767041.000000
820134.000000
836768.000000
758724.000000
769376.000000
769112.000000
767512.000000
810116.000000
810441.000000
766201.000000
796260.000000
864550.000000
754669.000000
770659.000000
810934.000000
758622.000000
767786.000000
797032.000000
811691.000000
771385.000000
882212.000000
766312.000000
767761.000000
796515.000000
766988.000000
770253.000000
807122.000000
815768.000000
797675.000000
907135.000000
817435.000000
806189.000000
796093.000000
770244.000000
819826.000000
800829.000000
766644.000000
765663.000000
907778.000000
755915.000000
813706.000000
757991.000000
768634.000000
780020.000000
814808.000000
823368.000000
814186.000000
768226.000000
809097.000000
769435.000000
806890.000000
773976.000000
770158.000000
772093.000000
768305.000000
816810.000000
794416.000000
755576.000000
813380.000000
769524.000000
768459.000000
769721.000000
764517.000000
766154.000000
771078.000000
802848.000000
768348.000000
767287.000000
879864.000000
793884.000000
766740.000000
818873.000000
763699.000000
770687.000000
766256.000000
813814.000000
770924.000000
854577.000000
808543.000000
753801.000000
765724.000000
811577.000000
809552.000000
771785.000000
765807.000000
844313.000000
768875.000000
772171.000000
765939.000000
765823.000000
771306.000000
818928.000000
767447.000000
798657.000000
771674.000000
764309.000000
766281.000000
769149.000000
764739.000000
826075.000000
818020.000000
813789.000000
831278.000000
768349.000000
759435.000000
812629.000000
818165.000000
770429.000000
762617.000000
769216.000000
799395.000000
796592.000000
767631.000000
771020.000000
810494.000000
797823.000000
863064.000000
763025.000000
765232.000000
791761.000000
766767.000000
764899.000000
804712.000000
795859.000000
764598.000000
948855.000000
765376.000000
772038.000000
763241.000000
812958.000000
804746.000000
761244.000000
771096.000000
799983.000000
870569.000000
765607.000000
815057.000000
818291.000000
802299.000000
813060.000000
772278.000000
808768.000000
772770.000000
918076.000000
798685.000000
797700.000000
770142.000000
767274.000000
907486.000000
773318.000000
768260.000000
819962.000000
769262.000000
818438.000000
763600.000000
813636.000000
811678.000000
876030.000000
768918.000000
773508.000000
768120.000000
771051.000000
796177.000000
771838.000000
757619.000000
769900.000000
795921.000000
753622.000000
797804.000000
772334.000000
763982.000000
828876.000000
797279.000000
759016.000000
813952.000000
767865.000000
799297.000000
771352.000000
801386.000000
767195.000000
866088.000000
771936.000000
813476.000000
800580.000000
807374.000000
813672.000000
766041.000000
774422.000000
769259.000000
811943.000000
766690.000000
774773.000000
766939.000000
768742.000000
839079.000000
767838.000000
770370.000000
772001.000000
792740.000000
771155.000000
764174.000000
820097.000000
767949.000000
818577.000000
816380.000000
768663.000000
812432.000000
803288.000000
765127.000000
760327.000000
798056.000000
761275.000000
801542.000000
814817.000000
769392.000000
799404.000000
808811.000000
754838.000000
818211.000000
805780.000000
805531.000000
816610.000000
756173.000000
766330.000000
768764.000000
769167.000000
769779.000000
772247.000000
766982.000000
795595.000000
860267.000000
820500.000000
768998.000000
766696.000000
769256.000000
818722.000000
769481.000000
766623.000000
767564.000000
817607.000000
811112.000000
806112.000000
774395.000000
769028.000000
810546.000000
807648.000000
771460.000000
767331.000000
810875.000000
770010.000000
797509.000000
802493.000000
796149.000000
916664.000000
768490.000000
768911.000000
769087.000000
802795.000000
869882.000000
754099.000000
759985.000000
801404.000000
768075.000000
769767.000000
794724.000000
768509.000000
805897.000000
875242.000000
768071.000000
767671.000000
768462.000000
768189.000000
768878.000000
767900.000000
796303.000000
814856.000000
906351.000000
770210.000000
813170.000000
766988.000000
767610.000000
768358.000000
765850.000000
756930.000000
763644.000000
-999084108.000000
773831.000000
766634.000000
759406.000000
800198.000000
773607.000000
822555.000000
767653.000000
769911.000000
768776.000000
814438.000000
807746.000000
820004.000000
798309.000000
806118.000000
804536.000000
796140.000000
806380.000000
764219.000000
773395.000000
799487.000000
771229.000000
804819.000000
800863.000000
767244.000000
771601.000000
762062.000000
775918.000000
769019.000000
820155.000000
801199.000000
812239.000000
763373.000000
768499.000000
765635.000000
770173.000000
768856.000000
768868.000000
768939.000000
799540.000000
766822.000000
823328.000000
768751.000000
809750.000000
764659.000000
804610.000000
766856.000000
770985.000000
768511.000000
795290.000000
765382.000000
772004.000000
766641.000000
809275.000000
819989.000000
773934.000000
768262.000000
768946.000000
756582.000000
768733.000000
771382.000000
758259.000000
814866.000000
767395.000000
867925.000000
799324.000000
812716.000000
801152.000000
800078.000000
807564.000000
805048.000000
792082.000000
802601.000000
914209.000000
812869.000000
807556.000000
795515.000000
805248.000000
763514.000000
773192.000000
765309.000000
793952.000000
897757.000000
797688.000000
769176.000000
770675.000000
807878.000000
772897.000000
810731.000000
800887.000000
770817.000000
833608.000000
814876.000000
795509.000000
793063.000000
756921.000000
765315.000000
769324.000000
755102.000000
800118.000000
896701.000000
797287.000000
815958.000000
793918.000000
765967.000000
815768.000000
815682.000000
814617.000000
770010.000000
771807.000000
770401.000000
797693.000000
805842.000000
770422.000000
771890.000000
817737.000000
765115.000000
767767.000000
767247.000000
809709.000000
768253.000000
810580.000000
770339.000000
864805.000000
810516.000000
819229.000000
768582.000000
813081.000000
801155.000000
768044.000000
764493.000000
771509.000000
771308.000000
807088.000000
819414.000000
768644.000000
819580.000000
838660.000000
797962.000000
766869.000000
767047.000000
798573.000000
772044.000000
771364.000000
765287.000000
774583.000000
873537.000000
804256.000000
767100.000000
766801.000000
753908.000000
771788.000000
767509.000000
815035.000000
797438.000000
770401.000000
763380.000000
799629.000000
807672.000000
808958.000000
814516.000000
822706.000000
810937.000000
770410.000000
809336.000000
772223.000000
800780.000000
760207.000000
769432.000000
778534.000000
812850.000000
757979.000000
801577.000000
849458.000000
766394.000000
768383.000000
769727.000000
772260.000000
817195.000000
763422.000000
818737.000000
766220.000000
810365.000000
808392.000000
771601.000000
755225.000000
873611.000000
811118.000000
812456.000000
767807.000000
766432.000000
773188.000000
816266.000000
755391.000000
759047.000000
863528.000000
774259.000000
769231.000000
770312.000000
765121.000000
821740.000000
771164.000000
805528.000000
767761.000000
868590.000000
815223.000000
813171.000000
769361.000000
817826.000000
757810.000000
805131.000000
765388.000000
804847.000000
770343.000000
807562.000000
764696.000000
818845.000000
809485.000000
774998.000000
800377.000000
814783.000000
804118.000000
818097.000000
756521.000000
801546.000000
768130.000000
771315.000000
766093.000000
772259.000000
757164.000000
890230.000000
768413.000000
810162.000000
811906.000000
770065.000000
807841.000000
770142.000000
764321.000000
818590.000000
801063.000000
806675.000000
797044.000000
774745.000000
771475.000000
771472.000000
761176.000000
812273.000000
758810.000000
804546.000000
766293.000000
798970.000000
803743.000000
816082.000000
805693.000000
766263.000000
771244.000000
800346.000000
799189.000000
767065.000000
800010.000000
770521.000000
816128.000000
811660.000000
767330.000000
821768.000000
771669.000000
769902.000000
798558.000000
812207.000000
763361.000000
772807.000000
767773.000000
771305.000000
757884.000000
925677.000000
751970.000000
770071.000000
794269.000000
813571.000000
769161.000000
767909.000000
814220.000000
808666.000000
832039.000000
797820.000000
766407.000000
810309.000000
764474.000000
797423.000000
806325.000000
767167.000000
768302.000000
896642.000000
765271.000000
808223.000000
769130.000000
819549.000000
820041.000000
769647.000000
766340.000000
806924.000000
768967.000000
769260.000000
771361.000000
768902.000000
755754.000000
904520.000000
807684.000000
815663.000000
771346.000000
804925.000000
802866.000000
793192.000000
770118.000000
802374.000000
824282.000000
767207.000000
817454.000000
806159.000000
798487.000000
768773.000000
800201.000000
767989.000000
817322.000000
860738.000000
816922.000000
766758.000000
767998.000000
768004.000000
797500.000000
814050.000000
801915.000000
770158.000000
826026.000000
756281.000000
804303.000000
766191.000000
797922.000000
767595.000000
819445.000000
768438.000000
771071.000000
915501.000000
815943.000000
816472.000000
812534.000000
798094.000000
819964.000000
812934.000000
771998.000000
809426.000000
830107.000000
758114.000000
813140.000000
766783.000000
798497.000000
809002.000000
767918.000000
777308.000000
770629.000000
809159.000000
765108.000000
754324.000000
769146.000000
795127.000000
772133.000000
766429.000000
875639.000000
755062.000000
771413.000000
773654.000000
807272.000000
776635.000000
770370.000000
796657.000000
795402.000000
872497.000000
770588.000000
817115.000000
766628.000000
810173.000000
770823.000000
797650.000000
814199.000000
795032.000000
1421551.000000
796469.000000
768918.000000
766364.000000
797663.000000
818718.000000
772330.000000
799598.000000
771069.000000
828463.000000
761859.000000
758241.000000
814017.000000
801339.000000
769250.000000
767217.000000
814884.000000
769404.000000
886836.000000
767217.000000
768792.000000
768306.000000
812260.000000
761577.000000
815470.000000
765958.000000
767635.000000
832494.000000
769410.000000
762229.000000
807593.000000
805330.000000
821404.000000
769739.000000
770767.000000
767244.000000
803556.000000
818746.000000
799919.000000
750942.000000
767130.000000
810496.000000
766509.000000
809186.000000
764592.000000
772004.000000
763663.000000
770872.000000
764167.000000
764318.000000
821334.000000
771201.000000
801364.000000
767447.000000
897504.000000
770216.000000
801481.000000
803103.000000
813475.000000
846928.000000
763724.000000
795561.000000
864104.000000
763983.000000
800303.000000
766690.000000
770146.000000
798810.000000
804976.000000
767970.000000
801044.000000
842023.000000
763662.000000
767589.000000
767081.000000
763976.000000
796374.000000
770940.000000
771321.000000
799140.000000
798343.000000
801543.000000
795635.000000
796580.000000
769773.000000
795822.000000
770706.000000
764951.000000
815128.000000
770299.000000
764865.000000
770025.000000
766724.000000
802011.000000
812955.000000
799414.000000
768586.000000
811512.000000
793801.000000
775786.000000
768176.000000
766748.000000
797654.000000
772265.000000
764742.000000
801294.000000
764192.000000
765158.000000
805051.000000
774355.000000
811401.000000
765847.000000
804850.000000
809675.000000
797807.000000
819998.000000
868889.000000
762595.000000
797912.000000
798666.000000
770198.000000
794183.000000
802060.000000
768373.000000
768370.000000
827688.000000
768610.000000
767226.000000
768881.000000
766388.000000
771444.000000
805653.000000
807564.000000
765638.000000
800719.000000
772973.000000
769460.000000
771607.000000
770508.000000
813343.000000
757391.000000
768607.000000
810330.000000
804379.000000
768810.000000
792589.000000
808703.000000
911840.000000
807450.000000
815780.000000
814460.000000
799254.000000
764733.000000
812709.000000
769210.000000
801774.000000
830307.000000
813325.000000
767118.000000
766770.000000
767376.000000
769816.000000
768697.000000
811909.000000
767616.000000
770496.000000
808149.000000
769816.000000
771484.000000
775967.000000
766804.000000
771321.000000
815807.000000
770124.000000
768890.000000
770567.000000
793635.000000
798426.000000
771970.000000
809534.000000
814011.000000
755502.000000
830178.000000
770813.000000
816423.000000
772912.000000
771684.000000
798065.000000
775238.000000
769173.000000
762240.000000
917357.000000
766657.000000
771226.000000
771654.000000
772312.000000
817085.000000
770481.000000
802168.000000
768407.000000
865116.000000
815171.000000
804721.000000
767914.000000
771416.000000
758863.000000
797565.000000
768811.000000
769856.000000
876732.000000
799146.000000
755523.000000
766419.000000
768905.000000
811792.000000
767025.000000
769315.000000
802349.000000
773650.000000
766457.000000
804891.000000
806122.000000
892914.000000
812296.000000
767558.000000
768724.000000
769056.000000
773299.000000
753456.000000
769432.000000
794903.000000
819367.000000
798259.000000
808737.000000
771626.000000
801562.000000
759610.000000
767348.000000
769542.000000
765395.000000
836811.000000
803604.000000
769139.000000
764586.000000
770229.000000
770463.000000
812524.000000
770656.000000
764537.000000
918662.000000
770254.000000
768788.000000
769871.000000
771490.000000
793986.000000
804084.000000
800515.000000
810398.000000
857095.000000
753875.000000
808611.000000
767583.000000
767755.000000
799001.000000
769025.000000
773057.000000
769238.000000
823857.000000
804356.000000
803977.000000
768675.000000
831066.000000
769287.000000
769893.000000
822168.000000
770287.000000
770041.000000
766779.000000
820300.000000
766915.000000
767149.000000
765610.000000
757105.000000
771257.000000
800740.000000
814944.000000
866848.000000
805020.000000
