836567.692308
791166.153846
741141.538462
838490.769231
779346.153846
836700.000000
943050.769231
820281.538462
831210.769231
739866.153846
769667.692308
832838.461538
790406.153846
789336.923077
838521.538462
767835.384615
836201.538462
741364.615385
776218.461538
872230.769231
792436.923077
825024.615385
821963.076923
739363.076923
794849.230769
769512.307692
851118.461538
771915.384615
789753.846154
830547.692308
831300.000000
774540.000000
790592.307692
839746.153846
838630.769231
838026.153846
741126.153846
769643.076923
832267.692308
843095.384615
741140.000000
789760.000000
838232.307692
737050.769231
736387.692308
778812.307692
831604.615385
836200.000000
742933.846154
792147.692308
771590.769231
777776.923077
833660.000000
766049.230769
737478.461538
829215.384615
838653.846154
742386.153846
823992.307692
796223.076923
830283.076923
738676.923077
736696.923077
828395.384615
740143.076923
831964.615385
766438.461538
842690.769231
765558.461538
743750.769231
841744.615385
794160.000000
791766.153846
735553.846154
779655.384615
766096.923077
845844.615385
774935.384615
788309.230769
769418.461538
742263.076923
765287.692308
768476.923077
734970.769231
739209.230769
784863.076923
823084.615385
770552.307692
826660.000000
772446.153846
767458.461538
771543.076923
790175.384615
927261.538462
770706.153846
833924.615385
770200.000000
829458.461538
843549.230769
742635.384615
737227.692308
821166.153846
829938.461538
738156.923077
735969.230769
792735.384615
778487.692308
744584.615385
841307.692308
837235.384615
841543.076923
778278.461538
741655.384615
789687.692308
833680.000000
836264.615385
740281.538462
738858.461538
874298.461538
829444.615385
734266.153846
840406.153846
837326.153846
740689.230769
769135.384615
787555.384615
742646.153846
745680.000000
743701.538462
771069.230769
742489.230769
793284.615385
818267.692308
792738.461538
837412.307692
825515.384615
785673.846154
767770.769231
743067.692308
739132.307692
772390.769231
774126.153846
742390.769231
827072.307692
795372.307692
784041.538462
778470.769231
791467.692308
792860.000000
768069.230769
790650.769231
790006.153846
840986.153846
776286.153846
739063.076923
831104.615385
777744.615385
834535.384615
788676.923077
740460.000000
857975.384615
792807.692308
790558.461538
791867.692308
771590.769231
762580.000000
787475.384615
786386.153846
739153.846154
767161.538462
791229.230769
737832.307692
741167.692308
771790.769231
826160.000000
842473.846154
873309.230769
841092.307692
829296.923077
841852.307692
841421.538462
880826.153846
835412.307692
823467.692308
791964.615385
742909.230769
744753.846154
791786.153846
792180.000000
822286.153846
832226.153846
741556.923077
772189.230769
791093.846154
770004.615385
742936.923077
772627.692308
739626.153846
830463.076923
739469.230769
743001.538462
735835.384615
828355.384615
771832.307692
792381.538462
788184.615385
836773.846154
834827.692308
791961.538462
872386.153846
768169.230769
741473.846154
745798.461538
789584.615385
839538.461538
779730.769231
745115.384615
800047.692308
832413.846154
745573.846154
792883.076923
830832.307692
744338.461538
790490.769231
787595.384615
850889.230769
742523.076923
738970.769231
790701.538462
742250.769231
736438.461538
912990.769231
792110.769231
765770.769231
838613.846154
791573.846154
770507.692308
772001.538462
839515.384615
747118.461538
842478.461538
831912.307692
770409.230769
791404.615385
791018.461538
740375.384615
741924.615385
790200.000000
794935.384615
738423.076923
741653.846154
830644.615385
840661.538462
770146.153846
791703.076923
739673.846154
791475.384615
834758.461538
824416.923077
788870.769231
794707.692308
768441.538462
743263.076923
763984.615385
744732.307692
793201.538462
791204.615385
841067.692308
836573.846154
790080.000000
834293.846154
840287.692308
800078.461538
788684.615385
792470.769231
773747.692308
779812.307692
832858.461538
833755.384615
843378.461538
769207.692308
829916.923077
743060.000000
768060.000000
833796.923077
790580.000000
839236.923077
742430.769231
789387.692308
837760.000000
837006.153846
737638.461538
812321.538462
837783.076923
841815.384615
788956.923077
828309.230769
790575.384615
764592.307692
884766.153846
776907.692308
793075.384615
835793.846154
805007.692308
766292.307692
770512.307692
833644.615385
831213.846154
739560.000000
823293.846154
859860.000000
774227.692308
788872.307692
740792.307692
791916.923077
792193.846154
743461.538462
833230.769231
833363.076923
827409.230769
786878.461538
792833.846154
777856.923077
742253.846154
837296.923077
827892.307692
829478.461538
790533.846154
825672.307692
839316.923077
794567.692308
833030.769231
785249.230769
781304.615385
793627.692308
790836.923077
788873.846154
769823.076923
837575.384615
741689.230769
934227.692308
833255.384615
740867.692308
791647.692308
788049.230769
769789.230769
767381.538462
836443.076923
832600.000000
739690.769231
789896.923077
793172.307692
792443.076923
772272.307692
786260.000000
840549.230769
767307.692308
822781.538462
837281.538462
792720.000000
773441.538462
790686.153846
766641.538462
766838.461538
794704.615385
792870.769231
744680.000000
777750.769231
877106.153846
832629.230769
768898.461538
792707.692308
789561.538462
841815.384615
839116.923077
773058.461538
743443.076923
821924.615385
789164.615385
791727.692308
826724.615385
821687.692308
833261.538462
865867.692308
791918.461538
777152.307692
823450.769231
840173.846154
780138.461538
788176.923077
774898.461538
829133.846154
787993.846154
768527.692308
840124.615385
830966.153846
778107.692308
838698.461538
879184.615385
741910.769231
775801.538462
838732.307692
734656.923077
829870.769231
741444.615385
788040.000000
790975.384615
840423.076923
769090.769231
743135.384615
836069.230769
837546.153846
831480.000000
793703.076923
822170.769231
779530.769231
791550.769231
856270.769231
791713.846154
778587.692308
790626.153846
828604.615385
768630.769231
845515.384615
840807.692308
880480.000000
769889.230769
820664.615385
744029.230769
825661.538462
836307.692308
794603.076923
742758.461538
820509.230769
791703.076923
785976.923077
770229.230769
863298.461538
839049.230769
831083.076923
742192.307692
788867.692308
770309.230769
808353.846154
828735.384615
789929.230769
790569.230769
840826.153846
769269.230769
792864.615385
838195.384615
841189.230769
836500.000000
735175.384615
768306.153846
838478.461538
833350.769231
769570.769231
795189.230769
825812.307692
826967.692308
793693.846154
776178.461538
741287.692308
776943.076923
768055.384615
774198.461538
792636.923077
826004.615385
771212.307692
839198.461538
831475.384615
824823.076923
738816.923077
738600.000000
743623.076923
844512.307692
830175.384615
791487.692308
837698.461538
839156.923077
765176.923077
767061.538462
787775.384615
838663.076923
767936.923077
821780.000000
838032.307692
829350.769231
841356.923077
770090.769231
833564.615385
777833.846154
791338.461538
833418.461538
840516.923077
744693.846154
839516.923077
769758.461538
774426.153846
791992.307692
837912.307692
827493.846154
881187.692308
817047.692308
831287.692308
776143.076923
794429.230769
744424.615385
743087.692308
1025087.692308
792106.153846
740733.846154
743580.000000
790578.461538
830238.461538
769881.538462
880366.153846
829916.923077
773775.384615
739680.000000
786704.615385
839484.615385
829289.230769
742404.615385
773510.769231
738892.307692
795316.923077
849598.461538
763027.692308
784921.538462
788012.307692
791772.307692
790886.153846
780715.384615
749912.307692
838126.153846
743035.384615
790138.461538
834104.615385
793100.000000
791143.076923
796646.153846
840749.230769
794358.461538
770320.000000
768120.000000
791436.923077
838969.230769
856826.153846
790969.230769
738863.076923
775835.384615
737964.615385
862110.769231
774536.923077
744150.769231
834029.230769
793275.384615
785333.846154
834438.461538
833987.692308
829936.923077
765620.000000
771870.769231
767604.615385
837030.769231
791756.923077
828764.615385
772632.307692
842910.769231
742832.307692
743343.076923
835903.076923
791741.538462
875938.461538
830890.769231
795272.307692
836646.153846
839272.307692
829536.923077
779183.076923
789301.538462
791243.076923
833346.153846
822381.538462
888715.384615
840383.076923
765732.307692
830967.692308
790096.923077
832820.000000
776553.846154
789241.538462
837236.923077
791301.538462
841406.153846
791927.692308
837736.923077
788815.384615
828790.769231
742316.923077
834176.923077
791466.153846
778458.461538
741381.538462
836586.153846
778327.692308
834876.923077
792624.615385
738669.230769
836861.538462
787136.923077
818458.461538
838738.461538
837690.769231
775129.230769
840663.076923
841647.692308
778520.000000
778164.615385
786915.384615
834078.461538
788569.230769
740172.307692
791515.384615
792087.692308
766233.846154
788186.153846
837426.153846
743356.923077
741312.307692
791118.461538
832843.076923
833253.846154
815587.692308
768240.000000
824661.538462
835920.000000
788578.461538
792229.230769
840058.461538
879463.076923
842881.538462
828780.000000
841087.692308
834670.769231
827763.076923
790496.923077
741746.153846
782421.538462
793983.076923
738746.153846
841644.615385
791718.461538
834653.846154
785821.538462
781241.538462
743855.384615
790256.923077
779616.923077
790163.076923
832710.769231
834678.461538
775636.923077
828316.923077
792978.461538
772889.230769
769147.692308
779292.307692
791763.076923
838164.615385
792563.076923
832564.615385
738232.307692
832235.384615
839436.923077
771341.538462
833960.000000
789810.769231
786481.538462
836989.230769
768636.923077
837873.846154
820063.076923
835910.769231
830206.153846
785913.846154
924063.076923
833596.923077
791953.846154
838175.384615
742555.384615
770633.846154
789987.692308
745744.615385
874707.692308
743383.076923
833083.076923
744318.461538
767433.846154
770386.153846
835375.384615
789792.307692
794844.615385
789629.230769
790132.307692
772369.230769
833892.307692
780844.615385
825224.615385
838783.076923
770161.538462
793349.230769
835940.000000
898409.230769
796215.384615
769081.538462
825301.538462
789532.307692
822546.153846
774926.153846
740129.230769
948427.692308
833095.384615
830810.769231
793793.846154
822563.076923
767844.615385
789093.846154
825081.538462
828995.384615
841058.461538
831040.000000
790053.846154
738836.923077
840047.692308
829526.153846
831961.538462
763572.307692
778406.153846
831666.153846
740852.307692
768664.615385
742718.461538
839341.538462
789560.000000
835690.769231
831032.307692
741441.538462
770340.000000
790836.923077
831795.384615
737543.076923
739298.461538
788820.000000
744507.692308
772903.076923
774721.538462
833221.538462
827635.384615
791410.769231
843966.153846
882958.461538
788358.461538
786203.076923
841033.846154
833480.000000
741833.846154
837995.384615
789238.461538
829870.769231
885301.538462
829769.230769
740869.230769
787073.846154
765824.615385
739900.000000
743447.692308
791467.692308
842743.076923
820620.000000
830983.076923
771293.846154
839784.615385
791413.846154
791412.307692
795450.769231
829686.153846
774116.923077
744113.846154
836404.615385
779006.153846
822681.538462
844690.769231
791852.307692
841543.076923
767144.615385
791220.000000
798816.923077
769793.846154
831207.692308
767461.538462
821418.461538
788043.076923
833273.846154
745292.307692
740120.000000
775481.538462
838023.076923
738966.153846
831087.692308
830195.384615
938381.538462
792963.076923
830449.230769
840387.692308
836698.461538
793378.461538
771423.076923
773906.153846
794607.692308
787744.615385
835561.538462
837500.000000
737318.461538
828683.076923
784138.461538
839926.153846
738990.769231
840867.692308
767955.384615
839658.461538
791723.076923
896123.076923
791980.000000
794678.461538
831796.923077
836810.769231
789789.230769
827286.153846
792178.461538
850792.307692
824404.615385
788493.846154
790309.230769
775340.000000
768124.615385
768283.076923
743947.692308
788041.538462
767823.076923
784344.615385
773444.615385
739152.307692
769401.538462
834535.384615
870469.230769
740886.153846
832490.769231
776135.384615
840560.000000
842116.923077
833570.769231
838700.000000
839340.000000
793338.461538
743993.846154
833533.846154
777643.076923
792143.076923
826475.384615
787676.923077
825343.076923
769261.538462
839929.230769
839789.230769
868492.307692
768415.384615
789729.230769
767912.307692
826416.923077
833944.615385
832686.153846
769516.923077
838072.307692
822749.230769
838813.846154
790575.384615
841183.076923
789261.538462
772604.615385
741470.769231
767312.307692
840513.846154
789729.230769
844983.076923
839836.923077
833656.923077
742392.307692
791352.307692
830387.692308
845200.000000
808684.615385
789900.000000
833395.384615
741998.461538
779376.923077
832023.076923
829990.769231
749518.461538
769033.846154
738616.923077
789578.461538
839064.615385
843476.923077
767272.307692
822244.615385
841841.538462
739266.153846
767646.153846
797552.307692
744204.615385
813958.461538
791221.538462
828804.615385
837929.230769
833158.461538
743453.846154
792584.615385
871350.769231
743884.615385
789663.076923
739326.153846
836529.230769
839540.000000
780420.000000
790960.000000
779924.615385
843072.307692
822447.692308
833816.923077
792224.615385
770193.846154
878629.230769
793473.846154
833835.384615
832713.846154
739146.153846
832453.846154
825924.615385
839195.384615
779980.000000
836033.846154
899583.076923
791921.538462
771344.615385
841026.153846
795413.846154
737743.076923
828407.692308
785701.538462
844376.923077
776596.923077
769255.384615
739135.384615
826287.692308
835109.230769
819504.615385
740916.923077
832260.000000
742526.153846
772813.846154
828726.153846
792115.384615
833272.307692
792807.692308
740884.615385
832067.692308
769747.692308
847372.307692
768424.615385
830587.692308
828586.153846
825726.153846
772804.615385
793170.769231
884773.846154
835856.923077
793769.230769
792904.615385
839840.000000
789340.000000
821266.153846
833436.923077
792783.076923
831255.384615
792566.153846
844115.384615
738801.538462
769484.615385
790155.384615
767470.769231
740690.769231
828912.307692
887223.076923
772278.461538
839173.846154
838018.461538
835961.538462
842967.692308
790255.384615
842007.692308
843415.384615
816564.615385
738703.076923
820743.076923
788356.923077
790820.000000
766510.769231
835427.692308
832403.076923
740690.769231
824841.538462
832047.692308
787823.076923
790232.307692
777370.769231
742464.615385
746240.000000
770167.692308
741903.076923
770823.076923
766904.615385
794727.692308
883469.230769
822566.153846
772546.153846
834444.615385
769732.307692
742350.769231
827561.538462
741155.384615
828949.230769
789732.307692
832487.692308
793369.230769
838147.692308
796718.461538
793707.692308
842090.769231
822615.384615
832669.230769
790932.307692
789429.230769
831926.153846
918520.000000
738798.461538
838844.615385
790852.307692
741950.769231
838244.615385
779472.307692
829170.769231
743110.769231
787446.153846
823504.615385
838043.076923
776478.461538
739784.615385
787021.538462
791712.307692
831438.461538
788295.384615
834192.307692
791106.153846
740327.692308
768618.461538
745584.615385
830783.076923
766047.692308
791490.769231
842655.384615
833313.846154
834787.692308
845540.000000
791687.692308
823663.076923
770095.384615
802304.615385
790096.923077
840467.692308
791789.230769
741540.000000
739636.923077
734473.846154
931069.230769
777504.615385
836416.923077
790658.461538
793580.000000
788826.153846
790216.923077
786358.461538
933292.307692
776464.615385
824701.538462
742363.076923
833692.307692
774110.769231
773300.000000
775993.846154
766741.538462
741163.076923
794627.692308
739823.076923
792821.538462
766209.230769
770855.384615
743033.846154
842789.230769
840103.076923
838455.384615
743909.230769
795106.153846
837396.923077
936569.230769
770352.307692
791384.615385
832913.846154
770387.692308
778915.384615
839520.000000
774252.307692
739530.769231
737749.230769
836655.384615
792050.769231
821178.461538
792996.923077
792123.076923
838243.076923
833493.846154
817126.153846
769023.076923
741533.846154
832407.692308
835383.076923
835123.076923
823213.846154
777578.461538
834087.692308
789766.153846
839638.461538
785830.769231
863727.692308
843055.384615
742724.615385
832710.769231
839355.384615
823798.461538
836361.538462
791464.615385
741001.538462
836512.307692
771021.538462
745321.538462
830106.153846
829713.846154
777520.000000
822126.153846
796396.923077
824133.846154
829066.153846
740329.230769
775441.538462
902012.307692
821821.538462
739573.846154
789700.000000
791796.923077
767263.076923
837880.000000
840490.769231
830281.538462
830852.307692
790936.923077
741510.769231
832141.538462
778763.076923
768089.230769
746926.153846
789767.692308
770224.615385
788827.692308
822453.846154
766569.230769
900769.230769
836290.769231
840476.923077
775933.846154
749967.692308
783053.846154
772401.538462
792207.692308
771549.230769
839423.076923
794715.384615
790121.538462
833398.461538
833458.461538
745283.076923
740478.461538
776755.384615
833489.230769
773730.769231
743787.692308
743213.846154
895367.692308
834246.153846
744155.384615
840023.076923
779026.153846
838596.923077
771900.000000
833724.615385
741881.538462
830838.461538
840572.307692
765038.461538
778564.615385
793766.153846
787943.076923
893083.076923
791570.769231
841844.615385
789666.153846
792969.230769
835676.923077
832326.153846
788095.384615
739544.615385
742356.923077
787327.692308
831460.000000
771710.769231
790206.153846
742340.000000
737596.923077
790133.846154
774396.923077
745141.538462
821089.230769
792040.000000
791338.461538
741806.153846
838092.307692
837955.384615
845804.615385
790967.692308
792978.461538
740683.076923
834695.384615
846006.153846
832647.692308
745658.461538
787643.076923
832020.000000
837096.923077
770972.307692
772120.000000
740963.076923
821530.769231
832890.769231
792083.076923
788692.307692
831226.153846
738643.076923
833409.230769
788975.384615
769026.153846
790258.461538
777029.230769
884184.615385
788552.307692
769533.846154
742789.230769
741872.307692
836624.615385
924044.615385
837673.846154
825370.769231
791969.230769
791144.615385
776224.615385
830116.923077
847009.230769
786404.615385
838023.076923
745107.692308
794860.000000
823240.000000
842455.384615
838140.000000
836361.538462
773806.153846
835923.076923
765283.076923
791415.384615
788510.769231
771164.615385
841801.538462
786336.923077
827307.692308
789493.846154
791606.153846
771584.615385
771143.076923
788435.384615
741941.538462
736018.461538
741723.076923
836815.384615
879084.615385
835609.230769
838358.461538
740336.923077
836036.923077
822035.384615
831436.923077
736696.923077
842441.538462
770124.615385
838303.076923
840936.923077
793423.076923
787472.307692
740521.538462
919589.230769
747101.538462
811544.615385
770712.307692
830404.615385
841847.692308
827583.076923
834349.230769
836213.846154
842352.307692
773641.538462
833320.000000
770835.384615
746115.384615
769555.384615
769000.000000
840521.538462
831932.307692
770420.000000
828489.230769
840033.846154
769627.692308
830150.769231
837590.769231
840329.230769
762436.923077
740563.076923
805975.384615
834078.461538
745447.692308
791636.923077
768938.461538
769078.461538
738672.307692
839929.230769
790990.769231
791338.461538
737192.307692
831964.615385
768109.230769
911750.769231
738435.384615
775689.230769
764747.692308
738716.923077
743015.384615
788973.846154
742532.307692
833956.923077
769360.000000
827447.692308
831920.000000
768912.307692
791273.846154
772906.153846
741269.230769
738632.307692
836035.384615
790703.076923
790653.846154
889481.538462
744775.384615
821229.230769
829566.153846
830521.538462
791161.538462
777787.692308
791386.153846
799140.000000
795453.846154
788450.769231
829863.076923
824781.538462
837443.076923
788947.692308
789453.846154
776318.461538
745166.153846
771035.384615
792552.307692
835753.846154
836449.230769
746486.153846
839487.692308
831852.307692
738715.384615
832224.615385
830996.923077
833847.692308
791924.615385
830772.307692
791338.461538
789256.923077
786366.153846
874736.923077
769449.230769
788341.538462
739389.230769
790676.923077
832427.692308
742198.461538
767349.230769
869215.384615
822826.153846
740626.153846
739598.461538
741849.230769
738640.000000
789381.538462
790892.307692
797513.846154
744495.384615
837490.769231
838383.076923
838047.692308
735906.153846
768326.153846
884170.769231
827560.000000
767433.846154
835960.000000
822943.076923
790544.615385
787441.538462
743183.076923
828550.769231
826924.615385
794806.153846
740558.461538
829643.076923
838109.230769
791206.153846
912220.000000
831433.846154
741152.307692
792970.769231
793926.153846
830960.000000
793780.000000
771861.538462
772458.461538
766512.307692
769133.846154
805629.230769
743035.384615
822260.000000
838652.307692
829436.923077
822949.230769
769847.692308
742733.846154
779827.692308
795516.923077
770464.615385
820621.538462
744935.384615
789046.153846
791052.307692
740396.923077
850395.384615
832660.000000
792047.692308
767252.307692
791950.769231
844058.461538
836621.538462
741987.692308
789475.384615
829863.076923
770056.923077
798318.461538
839324.615385
795066.153846
741955.384615
772323.076923
742850.769231
841929.230769
789355.384615
830801.538462
741838.461538
794312.307692
795893.846154
791063.076923
837212.307692
825603.076923
826358.461538
840655.384615
839218.461538
825610.769231
842546.153846
792395.384615
795158.461538
885964.615385
823761.538462
828049.230769
831681.538462
766573.846154
837415.384615
769501.538462
843536.923077
840943.076923
833695.384615
824198.461538
830776.923077
767464.615385
775104.615385
931404.615385
741420.000000
831376.923077
741410.769231
743121.538462
823027.692308
789369.230769
839186.153846
826173.846154
774167.692308
790429.230769
837373.846154
739293.846154
791141.538462
902878.461538
830713.846154
788730.769231
779213.846154
792621.538462
777910.769231
823232.307692
795896.923077
831760.000000
735601.538462
831207.692308
829829.230769
792573.846154
747064.615385
789513.846154
824881.538462
789761.538462
771406.153846
840361.538462
741140.000000
881764.615385
792807.692308
840138.461538
832703.076923
889701.538462
835760.000000
768526.153846
737847.692308
738215.384615
838578.461538
777343.076923
831592.307692
745618.461538
738676.923077
837867.692308
835710.769231
786527.692308
742598.461538
822252.307692
768536.923077
791249.230769
769813.846154
742441.538462
739386.153846
776493.846154
839572.307692
823633.846154
926630.769231
833750.769231
835772.307692
830056.923077
791332.307692
780189.230769
774107.692308
839267.692308
748744.615385
834767.692308
741203.076923
768543.076923
833390.769231
792549.230769
794803.076923
838810.769231
775040.000000
793163.076923
792181.538462
741067.692308
793616.923077
821732.307692
793809.230769
743633.846154
778647.692308
829123.076923
742410.769231
789513.846154
776187.692308
824366.153846
772727.692308
789726.153846
831540.000000
772083.076923
777063.076923
785140.000000
737518.461538
770572.307692
776023.076923
741458.461538
833986.153846
933740.000000
793547.692308
789164.615385
818536.923077
834129.230769
836764.615385
741730.769231
830681.538462
768387.692308
839972.307692
790923.076923
768815.384615
831838.461538
833815.384615
742647.692308
832486.153846
737709.230769
862647.692308
833340.000000
765416.923077
772055.384615
739126.153846
791921.538462
738764.615385
875223.076923
772290.769231
837833.846154
780635.384615
837730.769231
840655.384615
834710.769231
740807.692308
884809.230769
794389.230769
792252.307692
832055.384615
771806.153846
737010.769231
744160.000000
773672.307692
845160.000000
786281.538462
790318.461538
833055.384615
820986.153846
788504.615385
838815.384615
830027.692308
745400.000000
839198.461538
792816.923077
742490.769231
740820.000000
768843.076923
782456.923077
790793.846154
789704.615385
829280.000000
769010.769231
837864.615385
830495.384615
742158.461538
790604.615385
796106.153846
768876.923077
739835.384615
741635.384615
820035.384615
795192.307692
794327.692308
853389.230769
829603.076923
831886.153846
779253.846154
788206.153846
790300.000000
841416.923077
881573.846154
834643.076923
738329.230769
838355.384615
830263.076923
774829.230769
768716.923077
842233.846154
829670.769231
741887.692308
832869.230769
744952.307692
835721.538462
778929.230769
836876.923077
736690.769231
789703.076923
829492.307692
739993.846154
830844.615385
833696.923077
767693.846154
787844.615385
840055.384615
846112.307692
837016.923077
845300.000000
832295.384615
771178.461538
836675.384615
832869.230769
746126.153846
742435.384615
768798.461538
826532.307692
788787.692308
794430.769231
838990.769231
788549.230769
861603.076923
792932.307692
739463.076923
790741.538462
826232.307692
776621.538462
792630.769231
877426.153846
836169.230769
766846.153846
738895.384615
790610.769231
830232.307692
827289.230769
828178.461538
831790.769231
820730.769231
839867.692308
896320.000000
841501.538462
821761.538462
743207.692308
830824.615385
740135.384615
777420.000000
841613.846154
736661.538462
820235.384615
822507.692308
791586.153846
768193.846154
823783.076923
829101.538462
769101.538462
791041.538462
838153.846154
771138.461538
740273.846154
766583.076923
836203.076923
741010.769231
789158.461538
742544.615385
882667.692308
769604.615385
834804.615385
829316.923077
824376.923077
834330.769231
765143.076923
774276.923077
738830.769231
741416.923077
743636.923077
777647.692308
840784.615385
827489.230769
781769.230769
827652.307692
794333.846154
817829.230769
835387.692308
822601.538462
834278.461538
771484.615385
826233.846154
835512.307692
840467.692308
770378.461538
775676.923077
792764.615385
767504.615385
838700.000000
776275.384615
771001.538462
817147.692308
768567.692308
791264.615385
789329.230769
826440.000000
739904.615385
773876.923077
830318.461538
769315.384615
789233.846154
833227.692308
796286.153846
846353.846154
792295.384615
834152.307692
769396.923077
788207.692308
737633.846154
792089.230769
882896.923077
837618.461538
824275.384615
793950.769231
740427.692308
790029.230769
739233.846154
791366.153846
773696.923077
790661.538462
833507.692308
827986.153846
792109.230769
787026.153846
839603.076923
793763.076923
790660.000000
792998.461538
826063.076923
827609.230769
777275.384615
740852.307692
743920.000000
737901.538462
830438.461538
826593.846154
768855.384615
830310.769231
788583.076923
930726.153846
744090.769231
790446.153846
819023.076923
768352.307692
838412.307692
778778.461538
837630.769231
772384.615385
737560.000000
833087.692308
790683.076923
734756.923077
840372.307692
825646.153846
786453.846154
834443.076923
792424.615385
770903.076923
741481.538462
827423.076923
791886.153846
832169.230769
794464.615385
738641.538462
787890.769231
831787.692308
832129.230769
835864.615385
740316.923077
745418.461538
743744.615385
835756.923077
779133.846154
750223.076923
791247.692308
841232.307692
826981.538462
737315.384615
786235.384615
740744.615385
913806.153846
790213.846154
767424.615385
827943.076923
768893.846154
776989.230769
837661.538462
892823.076923
834910.769231
818055.384615
827743.076923
739580.000000
837955.384615
793690.769231
744192.307692
790235.384615
825746.153846
792876.923077
740049.230769
743447.692308
822326.153846
736504.615385
791109.230769
834570.769231
830973.846154
834396.923077
928966.153846
834792.307692
771583.076923
789458.461538
835890.769231
769160.000000
837278.461538
891687.692308
772796.923077
793833.846154
791124.615385
743927.692308
790301.538462
794790.769231
882206.153846
827321.538462
791095.384615
775978.461538
736258.461538
794249.230769
834421.538462
788321.538462
830450.769231
775763.076923
790046.153846
790566.153846
834758.461538
778296.923077
739290.769231
788415.384615
741690.769231
818253.846154
744060.000000
792576.923077
790176.923077
791423.076923
741993.846154
829281.538462
922547.692308
830244.615385
843867.692308
776070.769231
836053.846154
834704.615385
842418.461538
891895.384615
831704.615385
824392.307692
769350.769231
739716.923077
792623.076923
840204.615385
935321.538462
830478.461538
788033.846154
765792.307692
765112.307692
832860.000000
792546.153846
792015.384615
742580.000000
831943.076923
792703.076923
792993.846154
893727.692308
833224.615385
742723.076923
772009.230769
829464.615385
832092.307692
839396.923077
855581.538462
822658.461538
839030.769231
740486.153846
740730.769231
787915.384615
791869.230769
742150.769231
743646.153846
770401.538462
737943.076923
836833.846154
840040.000000
833072.307692
841192.307692
791995.384615
837307.692308
737916.923077
837375.384615
743555.384615
838495.384615
789084.615385
740266.153846
834376.923077
791509.230769
836323.076923
741032.307692
789124.615385
834780.000000
744887.692308
766001.538462
771260.000000
775769.230769
740127.692308
878441.538462
789123.076923
741333.846154
826523.076923
780743.076923
841044.615385
780146.153846
868980.000000
844303.076923
844047.692308
834180.000000
789715.384615
833633.846154
825196.923077
742218.461538
743564.615385
832900.000000
775627.692308
789307.692308
828366.153846
792690.769231
744867.692308
835147.692308
838900.000000
831370.769231
829980.000000
789855.384615
832524.615385
744552.307692
841716.923077
741926.153846
743556.923077
838072.307692
771266.153846
832783.076923
828263.076923
741050.769231
842424.615385
787373.846154
740736.923077
826496.923077
835361.538462
791535.384615
793398.461538
836350.769231
823355.384615
768506.153846
790033.846154
795232.307692
767564.615385
766829.230769
776307.692308
828396.923077
821555.384615
859058.461538
740533.846154
831806.153846
836095.384615
766552.307692
766540.000000
845027.692308
840315.384615
772220.000000
777392.307692
741467.692308
833672.307692
831293.846154
886493.846154
736698.461538
742546.153846
834964.615385
738273.846154
833024.615385
739510.769231
780721.538462
790389.230769
765103.076923
831418.461538
773058.461538
792716.923077
882606.153846
791009.230769
766833.846154
741743.076923
785887.692308
839050.769231
823046.153846
740941.538462
771715.384615
826573.846154
828158.461538
740690.769231
764484.615385
933423.076923
743020.000000
789164.615385
786030.769231
742269.230769
893263.076923
831583.076923
842475.384615
795341.538462
853176.923077
839726.153846
793109.230769
766178.461538
772136.923077
840330.769231
835389.230769
839616.923077
843670.769231
836004.615385
904875.384615
780881.538462
843187.692308
741655.384615
845295.384615
772044.615385
749053.846154
824121.538462
791058.461538
828966.153846
831495.384615
774212.307692
834516.923077
793570.769231
769892.307692
837752.307692
778538.461538
737844.615385
825370.769231
787847.692308
785255.384615
792364.615385
825713.846154
739007.692308
839835.384615
747830.769231
743738.461538
791827.692308
832793.846154
768395.384615
835441.538462
776973.846154
791178.461538
771730.769231
744926.153846
830698.461538
741695.384615
822610.769231
789901.538462
829481.538462
823860.000000
767006.153846
791390.769231
741178.461538
791420.000000
821467.692308
828600.000000
839118.461538
792372.307692
779078.461538
834613.846154
778450.769231
770240.000000
791633.846154
840578.461538
771338.461538
768847.692308
839170.769231
777610.769231
738189.230769
772798.461538
791443.076923
792118.461538
822313.846154
815483.076923
739764.615385
793836.923077
838324.615385
841772.307692
772329.230769
773441.538462
791575.384615
834792.307692
742072.307692
791856.923077
770329.230769
840501.538462
778026.153846
823313.846154
741023.076923
774376.923077
778904.615385
836223.076923
829029.230769
787709.230769
797123.076923
837192.307692
767001.538462
790456.923077
774778.461538
739463.076923
823049.230769
777038.461538
828330.769231
795023.076923
745590.769231
840189.230769
746896.923077
829755.384615
771232.307692
769773.846154
835826.153846
771615.384615
775640.000000
795384.615385
840381.538462
740080.000000
739263.076923
737373.846154
842587.692308
743809.230769
829835.384615
831403.076923
879558.461538
793060.000000
790452.307692
793487.692308
744318.461538
794206.153846
792390.769231
932730.769231
768918.461538
745741.538462
740966.153846
769627.692308
790880.000000
769366.153846
742795.384615
898504.615385
768893.846154
838041.538462
837990.769231
794213.846154
764746.153846
766100.000000
922586.153846
788063.076923
739309.230769
762604.615385
834170.769231
823304.615385
832598.461538
787764.615385
796295.384615
791830.769231
773120.000000
835144.615385
776053.846154
831809.230769
842512.307692
837173.846154
741492.307692
740630.769231
836101.538462
794016.923077
745776.923077
837256.923077
776176.923077
741533.846154
742081.538462
816073.846154
835256.923077
739104.615385
776430.769231
849509.230769
786798.461538
742533.846154
823313.846154
839223.076923
790741.538462
770864.615385
740658.461538
843303.076923
794290.769231
832126.153846
741863.076923
791412.307692
768287.692308
792076.923077
796167.692308
786655.384615
772138.461538
831793.846154
767469.230769
820396.923077
775981.538462
770046.153846
741772.307692
775030.769231
829841.538462
768850.769231
836430.769231
835133.846154
823176.923077
790346.153846
840350.769231
779656.923077
787766.153846
795329.230769
798466.153846
741207.692308
792036.923077
740990.769231
743447.692308
835010.769231
832018.461538
799144.615385
767861.538462
768272.307692
833040.000000
826864.615385
794078.461538
848700.000000
790929.230769
842461.538462
836683.076923
791312.307692
838936.923077
779473.846154
800727.692308
770467.692308
833858.461538
821983.076923
842075.384615
788875.384615
834224.615385
836130.769231
844095.384615
831083.076923
742772.307692
829787.692308
840067.692308
767224.615385
790613.846154
837432.307692
880310.769231
784635.384615
832246.153846
742436.923077
836215.384615
741841.538462
862696.923077
843413.846154
791983.076923
789781.538462
741424.615385
740084.615385
769816.923077
823652.307692
771663.076923
743769.230769
836929.230769
790541.538462
741081.538462
742584.615385
767069.230769
787956.923077
827655.384615
839438.461538
831552.307692
837027.692308
743313.846154
836458.461538
741641.538462
769538.461538
740476.923077
836430.769231
790298.461538
838852.307692
791030.769231
737353.846154
832652.307692
831123.076923
774035.384615
745924.615385
916993.846154
788860.000000
764000.000000
767016.923077
833772.307692
787449.230769
821409.230769
827684.615385
767847.692308
769446.153846
740693.846154
827453.846154
742936.923077
739478.461538
743587.692308
778401.538462
907598.461538
771627.692308
777063.076923
823224.615385
832441.538462
741855.384615
844449.230769
796253.846154
840640.000000
841232.307692
827750.769231
794275.384615
834173.846154
837507.692308
744130.769231
795833.846154
766080.000000
776810.769231
741144.615385
787866.153846
785715.384615
772336.923077
738467.692308
741287.692308
832083.076923
768404.615385
745006.153846
833370.769231
775410.769231
769860.000000
740938.461538
742586.153846
769087.692308
832427.692308
792080.000000
830836.923077
739920.000000
772615.384615
842070.769231
822969.230769
739647.692308
834627.692308
745209.230769
841744.615385
843021.538462
743584.615385
794446.153846
836290.769231
794381.538462
836136.923077
742670.769231
792356.923077
839060.000000
843284.615385
790507.692308
766321.538462
741789.230769
744593.846154
842684.615385
741993.846154
872116.923077
771127.692308
775093.846154
838255.384615
741638.461538
882635.384615
788470.769231
740093.846154
740250.769231
840733.846154
791649.230769
792541.538462
836004.615385
837575.384615
832278.461538
839430.769231
746315.384615
844426.153846
853089.230769
768321.538462
742536.923077
768133.846154
774844.615385
791643.076923
831450.769231
842140.000000
829673.846154
843795.384615
824940.000000
788366.153846
836661.538462
896518.461538
743603.076923
773749.230769
842946.153846
821578.461538
840212.307692
739344.615385
788344.615385
844169.230769
742106.153846
789192.307692
840406.153846
841123.076923
830230.769231
858464.615385
772584.615385
828056.923077
767147.692308
830546.153846
792446.153846
740598.461538
831029.230769
831124.615385
829583.076923
792432.307692
741700.000000
822470.769231
793503.076923
834375.384615
831098.461538
793663.076923
736487.692308
842467.692308
738713.846154
825013.846154
823303.076923
776195.384615
743315.384615
739586.153846
835766.153846
879329.230769
791529.230769
841515.384615
837949.230769
839753.846154
742666.153846
738789.230769
800224.615385
766896.923077
833780.000000
823493.846154
736027.692308
824640.000000
835532.307692
739898.461538
831992.307692
772278.461538
744241.538462
791870.769231
834709.230769
781096.923077
787049.230769
771016.923077
738893.846154
831183.076923
840281.538462
830055.384615
838841.538462
786016.923077
793789.230769
769158.461538
770184.615385
738578.461538
780706.153846
787449.230769
743603.076923
794256.923077
791340.000000
789615.384615
789456.923077
776727.692308
827953.846154
825798.461538
789995.384615
835483.076923
829590.769231
790927.692308
789266.153846
881080.000000
794630.769231
740116.923077
768353.846154
768569.230769
842453.846154
791143.076923
792130.769231
744712.307692
820978.461538
832084.615385
829332.307692
792358.461538
737049.230769
782923.076923
740590.769231
743598.461538
839218.461538
841666.153846
792298.461538
742790.769231
740178.461538
832586.153846
840638.461538
789640.000000
830850.769231
744516.923077
839549.230769
837901.538462
821275.384615
780861.538462
824073.846154
835284.615385
767207.692308
837990.769231
744166.153846
772035.384615
773455.384615
838783.076923
834840.000000
785250.769231
772884.615385
834278.461538
790483.076923
740186.153846
914096.923077
736049.230769
742709.230769
737150.769231
839266.153846
836716.923077
792540.000000
791856.923077
832160.000000
839436.923077
838755.384615
829886.153846
829941.538462
802587.692308
839955.384615
823412.307692
771236.923077
822675.384615
788318.461538
891198.461538
840132.307692
840798.461538
790530.769231
832610.769231
772612.307692
819166.153846
834169.230769
764940.000000
776240.000000
793326.153846
744167.692308
740070.769231
773698.461538
834690.769231
787395.384615
791629.230769
836626.153846
743284.615385
849509.230769
740009.230769
741084.615385
831518.461538
826561.538462
791881.538462
832820.000000
744347.692308
742124.615385
744901.538462
840852.307692
771649.230769
741207.692308
794796.923077
791350.769231
789461.538462
769227.692308
787783.076923
798464.615385
770852.307692
841932.307692
789972.307692
792233.846154
790086.153846
887430.769231
739800.000000
766606.153846
739846.153846
836718.461538
828987.692308
764747.692308
776136.923077
793596.923077
744176.923077
743684.615385
789044.615385
766936.923077
840398.461538
740690.769231
832229.230769
843223.076923
769392.307692
789584.615385
841973.846154
847538.461538
745129.230769
830815.384615
790507.692308
740812.307692
791009.230769
779355.384615
775303.076923
833090.769231
844364.615385
739821.538462
741153.846154
831698.461538
769215.384615
745773.846154
791473.846154
833275.384615
738829.230769
741184.615385
836952.307692
739429.230769
767307.692308
787064.615385
836749.230769
829664.615385
830640.000000
833249.230769
792755.384615
773710.769231
794000.000000
797786.153846
830789.230769
791827.692308
774950.769231
791075.384615
742840.000000
880227.692308
741332.307692
790821.538462
796875.384615
833996.923077
832043.076923
771503.076923
825858.461538
831993.846154
792141.538462
772015.384615
841992.307692
842978.461538
822936.923077
741426.153846
840109.230769
788163.076923
796152.307692
837924.615385
773630.769231
740575.384615
793170.769231
769656.923077
832109.230769
767161.538462
831060.000000
840109.230769
777247.692308
793364.615385
739889.230769
778020.000000
742418.461538
788638.461538
815524.615385
740266.153846
841149.230769
790770.769231
741816.923077
834912.307692
907616.923077
771238.461538
788804.615385
836112.307692
790913.846154
773963.076923
790053.846154
840327.692308
831818.461538
840478.461538
828280.000000
847230.769231
833178.461538
836216.923077
838570.769231
821696.923077
838376.923077
739495.384615
769240.000000
835849.230769
792960.000000
740253.846154
790872.307692
888023.076923
739244.615385
770181.538462
833043.076923
835238.461538
839683.076923
838933.846154
793573.846154
792420.000000
740075.384615
839346.153846
792535.384615
795218.461538
790873.846154
800660.000000
834529.230769
843670.769231
824536.923077
841235.384615
833810.769231
840573.846154
896518.461538
837276.923077
788253.846154
834698.461538
738896.923077
789898.461538
768832.307692
881340.000000
827276.923077
828990.769231
834012.307692
829121.538462
773892.307692
785713.846154
738500.000000
780095.384615
739733.846154
856315.384615
776792.307692
741403.076923
741107.692308
788284.615385
786964.615385
739820.000000
853433.846154
839224.615385
790863.076923
829389.230769
766583.076923
789755.384615
769293.846154
840772.307692
743864.615385
738684.615385
822507.692308
787021.538462
787887.692308
829898.461538
837355.384615
742106.153846
795752.307692
743046.153846
740724.615385
790272.307692
772067.692308
738213.846154
739180.000000
831246.153846
828313.846154
740584.615385
770481.538462
768521.538462
772000.000000
742355.384615
789749.230769
840389.230769
791558.461538
746543.076923
819680.000000
794780.000000
738841.538462
740623.076923
824613.846154
789475.384615
840244.615385
827030.769231
841186.153846
821803.076923
837256.923077
788375.384615
742538.461538
888058.461538
740233.846154
791121.538462
740943.076923
787795.384615
843076.923077
770361.538462
844320.000000
791201.538462
773312.307692
824970.769231
839881.538462
737243.076923
833176.923077
780949.230769
845529.230769
780366.153846
738346.153846
740696.923077
778024.615385
764938.461538
835233.846154
831449.230769
826995.384615
791132.307692
825186.153846
833675.384615
832821.538462
885476.923077
790489.230769
836290.769231
838838.461538
777333.846154
794127.692308
823106.153846
836932.307692
751661.538462
830470.769231
820161.538462
825853.846154
791653.846154
836763.076923
770138.461538
838761.538462
790289.230769
789389.230769
738933.846154
738169.230769
788815.384615
775403.076923
830458.461538
836267.692308
740804.615385
