319088.775385
318330.904615
317557.410769
317862.804615
317875.820000
318123.698462
318401.093846
318271.330769
317362.001538
318000.890769
317419.021538
318263.376923
320270.000000
318209.538462
317903.440000
318340.336923
317624.027692
317790.138462
318574.140000
317978.415385
318010.243077
318830.009231
317983.827692
317850.630769
318849.113846
318761.989231
318113.515385
318868.775385
318289.561538
318087.846154
320328.547692
318599.046154
318379.470769
319243.207692
317538.210769
317701.512308
318039.218462
317718.201538
317640.187692
317951.095385
318195.149231
318191.764615
320229.681538
317648.015385
317700.913846
317733.712308
318412.784615
317827.736923
319692.480000
317528.318462
317849.972308
317863.061538
317482.753846
318035.684615
317636.300000
316590.667692
317506.944615
317247.776923
317480.700000
318571.372308
317813.832308
318009.592308
317391.572308
316882.518462
317356.441538
318408.618462
317961.904615
317545.046154
318223.587692
318755.298462
318275.035385
318991.655385
318534.776923
318301.129231
317917.824615
317694.927692
317245.101538
318234.760000
318377.812308
318551.100000
319404.438462
318022.026154
317335.972308
318177.655385
318763.135385
318063.350769
318572.200000
317831.266154
318498.760000
317918.055385
319121.306154
318679.056923
319453.069231
318449.835385
318873.952308
317998.429231
317784.566154
318341.683077
317869.764615
318012.230769
317343.393846
317582.626154
318263.783077
317500.936923
317782.778462
319701.426154
317359.178462
317448.313846
317859.341538
317909.152308
317723.686154
318623.350769
317377.867692
317888.536923
318718.929231
317874.755385
318987.529231
318264.752308
317625.658462
317972.223077
318595.510769
317984.752308
318142.227692
318822.240000
318223.018462
318379.269231
318520.381538
317814.187692
318302.744615
318037.624615
318343.200000
318605.953846
318683.000000
318100.378462
318816.586154
318301.880000
318813.430769
320673.698462
319237.389231
317531.235385
318449.616923
318503.023077
319218.387692
317494.749231
317331.441538
318355.001538
317435.853846
317193.716923
317686.250769
318665.166154
318245.838462
318634.443077
318616.800000
318718.986154
320340.400000
318047.649231
318788.149231
318608.835385
318253.960000
319622.732308
318757.636923
318124.081538
318602.076923
318012.138462
319221.175385
318913.252308
318347.661538
317690.803077
318077.198462
317996.890769
318075.060000
319198.721538
318364.249231
318446.303077
319665.400000
318680.247692
318310.378462
319136.221538
319558.592308
318060.516923
318682.855385
319774.063077
318545.061538
318972.467692
317727.695385
317160.913846
317984.292308
318358.901538
318578.921538
318842.984615
317978.673846
317936.729231
318448.201538
319181.420000
317845.667692
318773.004615
318651.324615
318443.153846
318990.072308
318047.770769
318357.916923
318830.953846
319023.395385
318728.464615
317898.450769
317660.109231
318356.824615
318551.881538
317893.758462
318819.020000
317592.216923
317933.481538
318737.161538
317810.246154
319878.944615
318169.018462
317759.603077
317348.446154
318640.456923
317774.440000
318248.270769
318497.427692
317954.618462
317963.280000
318408.284615
318846.543077
318102.496923
317566.872308
318336.787692
317934.496923
319622.040000
318873.033846
318538.416923
318591.506154
319832.943077
318663.123077
317510.330769
318771.450769
319772.203077
318079.553846
319411.181538
317820.243077
317785.375385
318972.730769
317081.589231
316935.678462
318207.676923
316742.526154
317441.856923
317926.855385
317998.187692
318144.690769
318326.301538
318313.749231
318419.275385
318782.796923
317804.041538
318004.955385
317878.426154
317518.610769
318858.723077
317813.881538
317690.729231
318533.823077
317932.526154
317863.009231
317928.115385
317634.083077
318537.373846
319259.318462
318341.138462
316949.006154
317959.133846
317272.250769
318206.363077
318524.301538
318168.336923
318795.161538
318697.943077
317776.738462
318184.380000
319003.116923
319147.960000
318489.626154
318206.355385
318159.966154
318042.415385
318458.043077
317263.343077
317330.126154
318218.775385
318168.003077
318264.721538
318777.075385
318487.009231
318219.687692
318901.656923
317491.944615
318225.172308
318269.256923
318135.172308
317979.113846
318950.003077
317967.601538
318220.876923
318458.540000
316833.080000
316850.201538
317531.330769
317630.818462
318084.836923
317762.006154
318365.872308
318630.323077
317974.630769
317662.672308
318407.549231
318000.444615
317483.144615
317550.315385
317687.546154
318518.235385
317943.901538
316658.226154
317479.567692
317728.767692
318556.076923
318003.015385
318043.893846
317877.184615
316824.238462
317039.110769
317031.627692
317794.695385
318715.446154
318423.518462
318144.060000
318573.843077
318072.661538
317788.913846
318599.376923
318040.704615
318262.290769
318783.558462
319759.323077
317883.489231
318766.678462
318263.856923
317709.532308
318545.684615
318078.009231
317431.800000
318596.160000
317546.063077
317335.323077
318752.269231
318150.184615
317701.023077
318161.509231
317725.069231
317761.847692
318142.689231
317725.964615
317983.000000
318525.256923
317613.710769
317477.641538
318369.658462
317124.493846
316886.481538
317428.889231
318636.309231
317588.026154
318353.092308
316866.183077
316936.709231
317474.895385
318254.844615
317810.076923
318742.029231
317341.409231
317787.538462
318481.092308
317680.298462
317634.380000
318114.015385
317598.061538
317592.929231
318232.684615
317433.647692
317617.006154
317765.150769
318225.596923
319062.573846
318174.766154
316509.350769
316940.733846
316766.238462
317250.907692
317700.836923
317536.593846
317616.741538
317884.483077
317839.629231
317915.083077
319749.753846
317874.716923
318703.426154
318961.510769
318701.961538
318211.489231
318620.704615
318130.470769
317851.372308
318394.106154
319482.560000
317691.409231
318431.672308
318227.415385
317801.600000
318887.930769
318158.027692
317411.096923
318460.741538
318120.056923
317872.346154
318759.103077
317786.144615
319152.909231
319003.941538
317755.935385
318813.907692
317823.487692
318594.369231
317476.780000
318262.553846
318704.789231
317670.109231
317527.773846
317977.638462
317912.512308
317893.007692
318021.490769
318023.733846
318389.841538
318258.704615
317845.964615
318087.000000
317745.838462
318150.155385
318616.458462
317852.515385
317151.778462
318122.933846
317924.618462
317909.353846
318691.035385
317815.260000
317896.838462
318089.723077
317853.618462
317515.710769
319287.812308
317583.713846
317570.044615
317992.053846
319185.023077
318461.812308
318536.795385
318658.458462
317719.741538
318727.664615
317710.369231
318366.955385
319192.400000
318240.227692
317776.132308
318712.732308
317687.715385
317488.152308
318583.052308
318289.683077
318062.455385
317972.596923
317914.153846
318216.570769
317654.890769
317635.153846
318027.950769
318150.684615
317571.752308
318234.081538
317796.864615
317786.883077
319511.706154
318199.884615
317952.501538
318661.933846
317931.492308
318339.080000
318300.598462
317792.627692
318362.726154
320283.524615
316661.906154
317070.604615
317301.461538
317478.516923
318027.207692
317853.447692
317774.007692
318937.446154
317664.526154
317797.941538
318275.069231
317658.487692
317662.215385
317889.933846
317639.496923
318322.213846
318068.338462
317663.252308
317748.363077
318508.987692
317591.890769
318286.058462
318548.604615
318261.329231
317752.296923
318367.656923
317791.867692
318071.426154
318196.944615
317858.440000
319024.390769
318647.218462
318423.235385
318814.441538
317613.266154
319691.281538
319168.356923
317418.358462
318298.607692
319618.670769
317524.460000
318310.446154
317830.012308
317311.967692
318754.693846
317335.881538
317391.960000
318250.226154
318978.093846
318683.029231
318177.503077
316893.538462
316472.995385
317757.190769
317616.687692
318481.169231
317858.646154
317850.320000
317589.167692
318060.787692
318396.789231
318145.696923
318378.938462
319033.667692
317906.023077
318280.338462
318805.446154
317801.686154
318125.024615
318748.403077
317822.083077
317508.710769
317980.672308
317517.104615
320106.943077
319323.004615
318832.792308
317711.266154
317936.486154
317215.718462
317542.450769
318108.624615
317862.915385
317625.329231
318293.196923
317641.013846
317780.146154
318066.890769
317621.218462
317711.367692
318168.801538
318310.743077
318381.101538
318892.601538
318068.401538
318537.387692
318720.850769
318095.058462
318170.561538
318806.364615
318378.820000
318107.484615
318740.707692
318000.727692
317616.641538
318132.101538
317971.707692
318319.593846
318511.100000
317832.953846
317909.684615
318237.347692
317582.087692
317893.729231
318245.949231
318603.849231
317989.310769
318293.249231
318123.346154
318656.021538
319827.553846
319977.356923
317763.064615
318569.827692
318042.658462
317635.592308
318894.710769
318090.361538
317483.316923
318454.789231
317506.258462
317993.689231
318707.235385
318135.658462
317901.592308
318677.595385
318368.284615
319269.173846
318444.224615
317928.101538
317869.366154
318045.216923
317661.506154
317944.704615
318496.370769
318045.933846
317862.552308
318457.875385
316628.587692
316629.830769
317475.816923
318031.343077
318028.670769
318796.960000
317544.769231
317582.932308
318315.830769
317579.343077
317565.795385
318346.224615
318505.281538
317387.629231
319246.973846
316969.270769
317205.106154
318115.843077
317912.823077
317615.596923
317527.627692
318238.441538
317688.013846
318069.061538
318688.195385
317735.007692
318605.535385
318258.015385
317665.196923
317897.290769
318313.480000
316571.347692
316637.964615
317853.438462
319251.560000
318056.860000
318923.218462
319601.030769
318515.667692
319144.496923
318252.693846
318231.863077
318835.595385
318905.083077
318510.410769
319037.738462
317758.201538
317828.815385
318701.646154
318164.647692
317749.773846
318838.944615
317929.772308
317621.420000
318641.786154
317996.776923
317940.356923
318640.920000
318193.460000
318328.169231
318160.526154
317697.938462
318613.441538
318174.738462
318828.860000
319431.733846
319026.664615
317989.890769
318947.229231
318152.146154
318156.686154
318993.878462
318468.004615
317921.976923
318759.658462
318499.906154
319309.073846
318750.363077
317757.604615
317647.080000
319748.604615
317991.852308
318228.324615
318514.692308
317766.890769
317403.449231
318305.396923
317106.715385
317374.703077
318083.840000
317846.421538
317543.969231
319094.130769
318145.490769
318162.418462
318681.986154
317896.347692
317589.495385
317963.992308
317823.880000
317920.616923
318431.513846
317939.103077
317586.266154
317574.684615
317923.001538
318094.160000
318164.146154
317014.524615
317628.140000
317992.996923
317686.056923
319422.746154
318170.367692
317882.835385
318112.510769
318447.509231
317793.960000
317462.063077
318193.806154
318047.718462
318296.949231
318738.415385
318279.178462
318294.070769
318805.187692
318487.180000
317330.366154
318447.189231
317509.798462
320000.287692
319158.207692
316865.913846
316386.980000
317305.629231
317601.072308
317709.261538
318518.129231
318407.283077
317808.724615
318701.773846
317822.238462
317717.330769
318588.546154
317829.921538
318023.424615
318740.809231
317051.572308
317287.141538
318234.830769
318095.967692
317750.484615
318528.900000
318068.395385
319104.013846
319203.595385
318216.338462
317799.324615
318902.683077
317767.190769
317861.480000
319745.549231
318023.340000
318905.332308
318542.635385
317694.709231
318924.967692
318239.878462
318268.944615
318408.835385
317904.327692
318094.101538
318878.143077
317606.355385
318751.570769
319397.760000
318301.998462
318155.160000
318993.449231
318316.206154
318352.778462
319354.849231
319238.621538
317269.013846
317573.813846
316529.378462
318411.236923
319454.978462
318657.064615
317968.461538
318797.490769
318388.558462
317634.912308
318822.183077
317956.904615
317944.053846
318362.384615
318209.443077
318440.458462
318847.715385
317959.004615
317877.006154
318627.403077
317954.835385
318291.567692
318606.067692
318072.352308
318184.430769
318697.373846
319131.393846
317601.666154
318160.026154
318013.901538
317824.987692
319166.733846
318637.838462
318059.024615
318359.992308
318742.703077
319262.213846
318533.133846
318272.780000
318760.833846
318303.793846
318058.398462
318530.335385
318262.403077
319421.141538
318905.929231
318825.656923
318402.376923
319113.196923
317986.152308
318654.984615
318935.740000
318556.166154
318334.407692
319415.109231
318176.556923
318212.041538
319619.780000
317989.544615
318378.066154
318474.313846
319510.615385
318433.916923
318684.215385
317695.752308
318008.884615
318211.604615
318050.824615
318079.990769
318347.461538
317857.261538
318296.158462
318702.133846
317788.966154
317747.286154
318133.230769
317913.806154
317938.364615
318640.501538
318128.755385
318117.712308
318758.141538
318048.075385
318047.449231
318596.173846
317629.849231
318011.113846
317725.916923
318465.444615
318446.592308
318685.418462
318681.440000
318443.755385
318149.195385
318293.016923
318604.946154
318349.166154
317517.847692
317475.198462
317450.709231
318848.907692
317860.129231
317236.738462
318331.312308
318053.546154
317443.049231
317807.132308
318734.750769
318136.695385
317855.804615
318899.630769
318157.830769
318448.007692
319263.175385
318459.586154
317409.116923
318463.875385
317175.006154
317198.356923
317539.046154
317035.376923
317145.378462
317545.096923
317607.900000
317885.670769
318560.209231
318463.880000
317861.786154
318653.780000
317377.836923
317415.421538
318354.752308
317653.835385
317964.966154
318267.600000
318507.761538
318646.449231
318563.966154
318120.392308
318486.789231
318573.592308
317561.807692
318327.069231
317994.000000
318155.907692
318661.243077
318113.281538
317570.593846
316598.275385
317185.906154
316944.941538
318339.795385
319498.913846
318614.286154
317782.115385
318367.203077
317898.829231
316411.752308
317451.569231
316621.535385
318074.012308
318880.226154
318354.627692
318078.664615
320359.412308
317928.330769
317507.536923
318440.916923
318181.615385
318141.376923
318990.518462
318062.355385
318152.481538
318509.240000
318331.021538
318465.473846
319464.460000
319815.866154
319037.829231
319133.356923
317934.624615
317927.761538
318765.672308
318226.803077
317719.003077
318228.729231
317650.120000
317770.490769
318896.055385
318025.561538
317936.980000
319193.280000
317703.489231
318087.469231
318012.490769
318048.926154
317852.429231
318079.230769
318380.410769
318494.880000
318158.441538
318914.324615
319496.523077
318509.318462
318494.823077
318897.286154
319881.173846
318168.140000
318567.226154
317836.486154
317994.970769
318630.730769
317937.723077
318069.350769
318869.146154
318678.158462
317865.827692
318402.778462
317530.829231
317789.201538
318355.464615
317727.903077
317759.418462
318385.976923
317642.656923
318272.092308
319309.849231
317766.055385
317404.489231
318562.781538
317410.546154
317751.049231
318419.624615
317916.118462
317949.052308
318443.133846
317974.544615
317624.678462
319808.890769
319027.746154
318941.975385
319620.715385
316759.126154
316226.701538
317263.147692
317998.713846
319404.450769
318557.276923
318059.716923
318565.250769
318199.218462
318128.209231
318719.360000
317713.723077
317783.246154
318611.689231
317609.421538
317285.766154
319195.398462
317452.910769
317522.018462
318428.335385
319135.290769
318585.893846
317502.735385
319671.526154
318135.564615
317323.210769
318196.650769
317549.306154
317575.890769
318339.166154
318180.381538
317633.630769
318598.704615
319638.053846
318105.081538
318879.689231
318390.550769
317815.255385
318665.172308
318151.783077
318996.030769
318213.618462
317940.104615
318731.803077
318262.101538
318010.449231
318673.630769
318296.672308
317839.378462
318459.115385
318083.487692
318102.190769
318696.607692
317987.030769
318258.332308
318599.740000
317686.046154
317549.604615
318756.284615
317721.955385
317689.446154
318244.369231
317485.929231
317940.958462
318158.718462
317612.129231
318216.010769
317843.349231
316185.546154
318813.204615
316697.770769
317406.178462
317670.427692
317467.061538
319645.715385
318604.301538
318461.133846
318113.635385
318485.044615
317948.073846
318016.341538
318624.376923
318114.841538
318404.987692
318869.427692
318425.352308
317035.972308
317508.300000
318331.492308
317994.566154
318619.936923
317362.423077
317860.290769
318397.432308
318500.613846
318182.700000
318480.036923
317497.261538
317840.306154
318533.353846
317788.912308
317257.676923
318094.473846
318250.310769
318334.889231
318850.389231
319098.050769
317946.743077
318663.890769
317841.107692
318030.581538
318870.584615
317882.776923
318363.692308
318543.329231
317849.312308
317695.804615
318348.143077
316929.364615
318257.972308
317654.915385
317811.180000
318404.752308
317607.380000
317383.136923
317905.589231
317566.775385
317793.618462
317869.304615
318024.410769
317901.143077
318900.524615
317803.946154
318240.444615
318721.783077
317997.007692
318352.961538
318547.663077
318570.441538
318321.978462
319293.560000
317773.076923
317849.429231
318696.961538
317600.492308
317649.341538
318536.215385
317953.618462
317918.120000
318323.116923
318165.753846
318023.095385
318534.455385
317784.204615
317717.550769
317851.041538
317882.480000
318717.024615
319382.324615
317593.573846
318473.786154
318318.332308
317819.227692
318177.067692
317863.689231
317741.438462
318887.589231
318095.643077
317705.683077
318123.964615
318242.963077
316550.869231
317362.440000
316672.501538
318284.269231
316661.313846
316567.667692
316742.564615
316295.109231
316988.824615
316991.200000
318115.472308
318740.093846
317811.673846
317736.256923
317877.152308
317886.009231
317662.769231
318451.806154
317903.858462
318118.893846
318635.123077
318078.278462
317631.775385
318397.615385
318198.473846
317952.580000
318580.396923
318016.132308
317994.103077
318594.706154
317634.430769
316492.120000
317656.373846
318619.707692
318627.656923
319322.993846
318178.535385
317617.904615
318543.683077
317564.972308
317483.836923
318588.689231
318233.790769
318639.963077
318795.372308
317976.627692
317534.609231
318456.756923
317696.736923
317630.247692
318641.420000
317915.506154
317767.275385
318470.121538
318083.900000
318485.523077
317744.836923
317962.958462
317756.130769
317955.750769
317658.467692
320141.092308
318308.770769
318389.320000
318687.350769
317862.103077
317982.976923
318584.049231
317937.700000
317937.301538
317931.903077
318421.376923
318903.580000
319469.118462
317950.781538
319148.384615
318188.484615
318878.592308
318767.752308
318227.735385
318049.686154
318839.250769
318331.723077
318096.963077
318912.283077
318450.567692
317870.110769
318659.370769
318196.475385
316804.404615
318098.487692
318459.592308
317628.683077
318528.546154
318471.206154
318156.883077
319073.126154
317488.903077
317279.535385
318565.167692
317930.412308
318441.653846
319308.266154
317588.070769
318427.413846
317835.489231
317582.261538
318003.943077
318144.063077
317880.813846
318946.041538
318069.110769
317700.666154
318446.958462
317774.838462
317826.473846
318625.810769
319116.935385
317391.593846
318398.172308
317500.080000
318392.233846
318608.224615
318199.287692
317927.600000
318700.927692
318177.798462
317484.349231
318270.995385
319194.907692
318024.544615
320153.333846
317806.636923
317838.952308
318620.504615
318093.804615
317663.772308
318507.761538
317982.990769
317721.984615
318670.958462
317767.183077
317863.392308
318146.558462
317964.184615
318402.233846
318629.784615
317720.670769
317952.820000
318561.626154
318231.947692
318746.106154
318977.861538
316811.924615
317121.238462
316552.910769
317653.641538
317381.612308
317828.926154
318753.855385
319522.652308
318572.044615
318617.000000
317284.970769
318748.495385
318318.238462
318241.050769
318413.472308
318925.575385
318277.624615
317724.716923
318611.786154
318133.878462
318064.898462
318622.544615
318125.603077
317937.426154
318835.049231
317272.530769
317533.746154
316959.100000
317178.143077
317643.963077
317372.455385
317026.553846
317474.346154
316753.835385
317599.132308
317766.307692
317571.652308
317844.290769
318576.876923
319457.684615
317588.949231
318558.135385
318053.940000
318298.080000
318556.747692
318687.164615
318712.623077
318004.898462
317275.030769
318154.907692
318940.590769
318061.921538
317457.169231
318114.998462
318289.476923
317656.801538
318973.826154
317781.870769
317869.036923
318063.021538
318288.889231
318436.784615
318072.126154
318170.816923
318306.626154
317931.163077
318806.206154
317893.901538
317504.032308
318114.375385
318920.587692
318515.804615
319906.896923
318750.078462
319479.889231
318487.156923
318896.007692
316855.970769
316606.472308
317299.918462
319600.595385
317822.686154
320181.956923
317883.938462
318151.858462
318777.672308
319658.327692
318677.110769
318913.318462
318700.381538
318126.396923
318725.812308
317650.201538
318002.901538
318519.813846
317854.989231
318792.949231
318529.283077
317905.906154
318449.752308
319250.829231
317894.463077
