337066.810000
-662918.873000
337367.359000
337043.366000
-662408.832000
336338.498000
337742.363000
-663572.128000
336842.469000
337185.402000
-663197.498000
336109.727000
337336.318000
-663328.977000
336698.663000
-663119.547000
336913.860000
336584.022000
-662755.455000
336517.787000
336471.802000
-663533.927000
336743.249000
337336.078000
-662442.393000
336429.467000
337247.221000
-661900.810000
336031.101000
336958.269000
336676.310000
336446.500000
-662405.955000
336459.042000
335843.650000
-663545.561000
336626.755000
336016.470000
-663059.998000
337601.198000
336151.634000
-663120.583000
336300.815000
336655.084000
-662619.493000
335967.749000
336363.835000
-661999.793000
336549.283000
336965.338000
-663955.210000
335874.619000
-663813.922000
337197.710000
336776.667000
-662520.428000
336744.874000
336950.159000
-663130.464000
336960.177000
336553.347000
-662490.074000
335881.237000
337008.787000
-664097.907000
336985.208000
337151.756000
-663133.498000
336755.280000
337210.147000
-663364.322000
336808.398000
337100.617000
-663121.251000
336541.849000
-662690.803000
336726.414000
337290.554000
-662447.420000
336660.970000
336440.583000
-662425.245000
336339.354000
336272.664000
-663177.332000
336086.139000
336533.806000
-664099.436000
337005.077000
336345.994000
336955.589000
336732.852000
-662462.119000
336704.783000
336808.142000
-663170.498000
336601.957000
337217.852000
-662655.836000
336412.805000
336660.900000
-662822.714000
337315.278000
337478.658000
-662975.034000
336625.161000
-663789.580000
336960.212000
337027.105000
-662116.435000
336968.787000
336497.128000
-663402.098000
335987.494000
336462.429000
-663807.039000
336170.660000
336940.301000
-663751.053000
337376.310000
336735.830000
-663329.051000
336783.957000
336947.128000
-663685.840000
335627.425000
336303.261000
-663583.362000
336806.052000
-662569.447000
336983.735000
336398.432000
-662494.834000
336348.409000
337094.026000
-662626.875000
336532.615000
336109.438000
-663317.759000
337047.136000
336482.168000
-662931.455000
336928.650000
337317.884000
-663509.379000
337151.466000
338008.834000
-663039.044000
337264.510000
-663128.166000
336747.525000
336439.725000
-662538.138000
337071.727000
337086.908000
-662505.378000
335949.669000
335842.627000
-663687.776000
336651.773000
336615.050000
-662357.219000
336571.474000
336614.210000
-663078.833000
336567.544000
337143.700000
-663436.545000
336915.688000
337613.352000
-662727.818000
336127.419000
-662673.516000
336551.228000
336676.635000
-663157.796000
336998.316000
336807.490000
-662786.650000
336637.109000
337037.585000
-662645.912000
336282.923000
336772.569000
-663544.090000
337048.250000
337196.661000
-661877.746000
336610.918000
337457.985000
-662719.732000
336941.356000
336299.618000
-663500.991000
336751.135000
-662804.582000
336308.117000
337325.486000
-663823.749000
337322.890000
337898.703000
-662764.492000
336790.914000
-662743.590000
336826.542000
336328.855000
-662436.024000
336131.803000
346361.496000
-662945.689000
336707.486000
336456.275000
-663178.154000
336968.965000
336087.612000
-662588.358000
336431.983000
338098.977000
-662284.259000
336932.839000
336816.726000
-663154.098000
336521.108000
336120.096000
336671.115000
336177.583000
-663421.227000
336329.926000
336049.978000
-662272.185000
337113.915000
336870.417000
-663157.289000
336669.100000
336449.657000
-663105.900000
336846.176000
336406.512000
-663637.067000
336624.785000
336304.311000
-662832.422000
337134.300000
336955.566000
-663318.968000
336754.710000
336762.729000
337305.921000
336862.450000
-662514.111000
338387.243000
336296.987000
-662395.081000
336466.645000
337328.059000
-663778.429000
337503.720000
336943.291000
-662056.333000
336571.904000
337649.780000
-662751.760000
336732.763000
336512.861000
-662626.156000
336163.278000
336714.085000
-663198.237000
336306.751000
-664339.326000
336864.059000
336098.717000
-662575.324000
337168.513000
336759.372000
-663277.530000
338585.667000
336647.211000
-662667.879000
336811.917000
336826.050000
-663482.649000
337143.140000
-661253.639000
336154.191000
336666.217000
-663356.651000
336258.956000
336849.311000
-663411.489000
338532.835000
336878.361000
-663520.934000
336558.160000
338131.067000
-663593.344000
336593.043000
337404.864000
-662705.935000
336523.517000
-662937.258000
336866.650000
336445.448000
-662898.128000
336770.342000
336554.264000
-663036.068000
336900.860000
336401.712000
-662349.050000
336479.184000
336642.407000
-663213.034000
336503.984000
336766.778000
-662958.270000
336841.277000
336875.256000
-663185.642000
336780.062000
337241.433000
337070.456000
336074.009000
-663318.183000
336715.818000
336780.021000
-662956.667000
337249.471000
338070.857000
-661419.131000
337478.221000
336944.052000
-663017.889000
336458.356000
336739.784000
-663594.168000
337063.151000
337183.824000
-663178.002000
336568.840000
336558.883000
-663655.544000
336314.680000
-662846.334000
337195.021000
336777.000000
-662789.512000
336586.825000
337278.982000
-663226.212000
336788.933000
336309.037000
-663237.852000
336907.491000
337479.018000
-663131.085000
336434.863000
337359.866000
-663263.441000
336103.858000
337228.141000
-663385.402000
337357.426000
337937.144000
336987.525000
337469.320000
-661003.854000
336467.832000
336692.974000
-663059.995000
336979.221000
337627.116000
-663000.631000
336635.518000
-663633.353000
336707.467000
336438.525000
-663068.343000
336002.944000
336575.373000
-663589.768000
337034.021000
336830.923000
-662300.532000
337084.952000
336486.698000
-662871.663000
336462.580000
337606.359000
-663146.415000
336933.208000
335750.485000
-663211.135000
336457.568000
337569.829000
-663151.157000
336614.595000
-662312.751000
336748.707000
336400.730000
-662608.752000
336197.478000
337029.511000
-663325.466000
336949.740000
336154.703000
-662392.180000
335461.669000
337112.099000
-662691.252000
336816.071000
336739.344000
-662900.538000
336285.193000
337793.927000
-663004.763000
337111.703000
336669.411000
336478.913000
337551.623000
-662932.630000
336414.048000
336759.237000
-663618.750000
336477.470000
336752.052000
-663195.449000
335532.578000
336362.622000
-663857.701000
336716.645000
336813.098000
-662852.094000
336764.025000
337510.523000
-663409.138000
336914.485000
337442.485000
-663109.091000
336977.378000
-662225.218000
335849.508000
335969.826000
-663467.665000
336059.298000
335829.211000
-662937.378000
336406.257000
336777.461000
-662915.535000
336560.945000
336648.764000
-663053.645000
336712.202000
337627.620000
-662955.307000
336790.819000
337051.521000
-662775.381000
336041.331000
336756.913000
-663246.176000
336270.636000
-663531.207000
337243.209000
336494.910000
-662241.040000
336947.940000
336540.963000
-663003.452000
336497.987000
336531.396000
-662680.532000
336484.596000
336657.918000
-663675.273000
336837.053000
336821.166000
-663024.755000
336364.318000
337536.440000
-663408.655000
336652.189000
336127.991000
-663609.624000
337870.131000
-662585.493000
336532.452000
336967.467000
-663067.882000
336951.489000
336845.702000
-662295.600000
336766.692000
336976.831000
-662949.658000
337080.364000
337185.175000
-662631.916000
336651.491000
337567.970000
-662926.713000
336913.848000
336804.388000
-662903.199000
337120.890000
-663851.242000
336494.301000
335947.829000
-663558.519000
336368.542000
337428.750000
-663150.617000
337020.342000
336248.439000
-663253.115000
336684.587000
-662035.920000
336328.332000
336906.537000
-663347.611000
337208.827000
338222.939000
-662019.594000
338075.318000
337544.743000
-663156.322000
336960.434000
336575.031000
-663456.686000
337104.254000
339295.633000
-663094.598000
336322.332000
337273.705000
-663326.072000
337041.908000
-662892.140000
337405.085000
336570.416000
-662412.362000
336504.230000
336595.351000
-663698.305000
336822.613000
336130.733000
-662964.987000
336050.332000
336597.342000
-663549.377000
336731.199000
336549.397000
-663294.146000
338564.039000
337298.056000
-663095.682000
336859.262000
336486.498000
-663466.779000
336199.475000
-661892.992000
336538.886000
338075.174000
-662606.906000
337095.699000
336731.174000
-663308.069000
336696.076000
336967.412000
-662140.848000
336530.141000
338028.848000
-662993.499000
336640.137000
336459.765000
-663215.993000
336546.074000
-662853.783000
337130.011000
337510.351000
-662850.915000
337424.885000
337273.489000
-662547.539000
336455.765000
337366.558000
-663473.459000
336676.737000
336900.672000
-663201.813000
336529.692000
-662669.615000
336619.703000
336778.594000
-662924.378000
336626.219000
338083.764000
-663027.706000
338235.909000
336228.396000
-662823.989000
335898.526000
337097.087000
-664357.615000
337046.628000
336772.929000
-663035.789000
337041.009000
337530.954000
-663433.058000
336075.332000
336534.342000
-663847.402000
336808.708000
-661249.682000
336188.940000
336469.854000
-663691.004000
336754.511000
337011.671000
-662546.096000
336138.838000
336342.145000
-664078.307000
337299.022000
336832.622000
-663125.235000
336858.404000
337769.683000
-663433.741000
336799.022000
336714.103000
-663343.562000
336312.883000
337810.207000
336429.392000
336781.634000
-663450.478000
336787.886000
336101.520000
-662722.132000
336184.245000
336593.320000
-663800.593000
337118.045000
336497.347000
-662234.787000
336630.758000
337160.319000
-661728.463000
336589.358000
336252.827000
-663375.064000
337498.157000
338407.086000
-662634.506000
336848.456000
-663431.406000
336623.423000
336375.330000
-663089.241000
336735.362000
336884.977000
-663342.109000
337330.022000
337349.355000
-661395.868000
336391.764000
336780.378000
-663601.700000
336989.818000
336947.350000
-662933.089000
336531.489000
337357.684000
-663395.596000
337130.251000
337654.141000
-663423.052000
337419.977000
-663283.699000
337040.778000
336323.209000
-663278.653000
338086.992000
336557.591000
-663498.779000
336990.169000
336825.921000
-662540.250000
336854.287000
337595.553000
-663445.932000
337154.937000
336880.962000
-662901.220000
336638.745000
337394.269000
-662517.385000
336506.618000
-663732.506000
336831.557000
336694.910000
-662667.432000
335978.374000
336374.819000
-663699.053000
336670.924000
336991.082000
-662859.922000
336850.444000
337234.895000
-663400.436000
336014.086000
336844.253000
-663859.082000
336823.582000
336319.988000
-663029.358000
336203.989000
337773.511000
-663591.165000
337045.164000
-662287.317000
336996.658000
336731.045000
-662286.880000
336097.446000
335951.875000
-663970.844000
336346.456000
337108.811000
336433.183000
336298.394000
-662055.825000
336348.760000
337020.883000
-662582.733000
337323.327000
336693.830000
-661649.484000
336448.974000
336279.805000
-662768.458000
336408.955000
336962.676000
-663143.695000
337091.585000
337367.946000
-662878.075000
336114.966000
336871.072000
-663488.720000
336613.438000
-663430.633000
337035.973000
336850.225000
-662570.474000
336025.282000
336217.636000
-663618.446000
336325.046000
336331.616000
-663030.139000
336464.682000
336124.616000
-663576.543000
336773.366000
336708.426000
-663649.662000
336692.673000
336784.154000
-663288.093000
337177.799000
337340.635000
-662861.190000
336324.163000
-663405.366000
336377.330000
336549.474000
-663010.751000
336554.916000
336542.855000
-663163.611000
336628.497000
337150.841000
-662603.973000
336248.217000
-664093.618000
336635.930000
336639.281000
-662769.585000
337812.306000
337372.167000
-662512.911000
336739.639000
336546.825000
-663242.437000
336080.009000
336736.329000
-663709.191000
335914.013000
337445.399000
-663908.853000
336761.113000
336352.074000
-663460.810000
336507.031000
-662553.179000
336069.292000
336482.900000
-661808.252000
336137.671000
336792.492000
-662783.920000
337010.942000
336417.343000
-661043.430000
336647.100000
337385.525000
-663279.918000
336405.097000
336897.082000
-663260.963000
336850.632000
337652.534000
-663397.436000
336394.272000
336316.659000
-663363.981000
336413.675000
-663939.514000
336884.937000
336465.987000
-662768.517000
336208.845000
336725.455000
-663367.371000
336931.781000
337841.543000
-662615.414000
336678.864000
337014.785000
-663572.426000
336703.974000
336605.850000
-662823.589000
336578.222000
337342.213000
-663354.547000
336038.403000
-663785.976000
337081.126000
336321.381000
-662719.522000
335933.807000
336954.707000
-663843.556000
336874.576000
336583.182000
-663412.332000
336667.558000
336697.658000
-663633.240000
335913.007000
336893.549000
-663763.727000
336952.852000
336880.140000
-663277.299000
336276.544000
336878.684000
-662311.241000
337022.698000
-663175.073000
336431.343000
337001.609000
-662175.660000
336592.643000
336763.535000
-663200.501000
336337.133000
336171.847000
-662634.082000
336395.453000
337526.564000
-663464.945000
335866.576000
335897.456000
-663632.482000
335908.124000
337183.457000
-663865.834000
336698.162000
337123.050000
-663028.508000
335573.849000
-663656.769000
337746.336000
336366.296000
-663014.862000
337219.399000
336870.671000
-661801.431000
336431.235000
336386.844000
-663113.411000
336579.188000
338150.885000
-663249.099000
338307.651000
336571.369000
-663513.577000
337357.672000
339056.119000
-663389.357000
336079.043000
335872.130000
336888.173000
336397.755000
-662478.332000
336531.338000
336598.964000
-663693.265000
336552.935000
336421.586000
-662675.580000
336300.114000
336381.133000
-663980.546000
337291.490000
337976.329000
-662630.008000
336526.375000
337390.125000
-663233.985000
336565.483000
336296.735000
-663245.425000
336189.936000
-662614.949000
336095.043000
336628.557000
-663581.229000
336906.583000
336925.355000
-663356.426000
336977.501000
336933.473000
-660523.211000
336915.709000
337094.337000
-662105.603000
337103.364000
336399.179000
336565.496000
336335.671000
-662552.192000
336209.004000
336041.581000
-663664.951000
338028.742000
336964.138000
-663111.553000
336875.909000
337301.151000
-662985.153000
336042.470000
336744.710000
-663416.261000
336421.099000
-662648.218000
336195.106000
336505.557000
-663214.683000
336289.381000
336183.106000
-663009.022000
336780.388000
336891.193000
-662862.602000
336195.306000
336143.124000
-663811.990000
337212.141000
337412.304000
-663125.307000
336738.802000
336433.700000
-663465.791000
338143.433000
337421.221000
-662745.951000
336666.767000
-663342.611000
336780.843000
337292.662000
-661487.568000
336288.501000
335807.728000
-663780.561000
336930.593000
337464.295000
-662618.170000
336213.947000
-662719.766000
336410.915000
336712.267000
-663013.092000
336610.065000
337296.668000
-662064.985000
336794.391000
336904.063000
-663023.392000
336943.946000
336265.993000
-662916.147000
336449.568000
336851.370000
-663342.190000
335821.141000
335770.796000
-663824.442000
336651.708000
-662800.899000
336106.471000
336334.920000
-662587.428000
336418.519000
337542.198000
-662706.720000
337238.593000
336590.886000
-662560.129000
336411.457000
337088.976000
-663392.040000
336843.361000
336425.263000
-662956.615000
335825.150000
337195.106000
-663584.922000
336519.125000
336542.302000
-662831.610000
336542.993000
-661400.982000
336681.992000
336618.355000
-663157.938000
337028.216000
335943.943000
-662314.447000
337489.634000
337044.908000
-662976.987000
336377.724000
335996.470000
-663811.974000
336734.535000
337163.408000
-662870.303000
336863.998000
336434.528000
-663271.127000
336770.397000
-662280.954000
336563.526000
336455.214000
-663866.169000
336647.315000
336573.536000
-662507.727000
337221.270000
336676.740000
-662367.518000
337330.315000
336737.667000
-663683.791000
337947.868000
337343.570000
-663216.732000
336359.058000
336461.709000
-663395.824000
336462.405000
337281.850000
-663699.902000
336543.459000
-663383.384000
336435.488000
336783.769000
-662179.657000
336658.838000
336734.409000
-662903.011000
336488.292000
336337.816000
-663119.781000
336799.290000
337715.714000
-663189.504000
336907.359000
336688.660000
-663445.138000
336232.929000
337262.597000
-663265.194000
336264.802000
336603.622000
-663270.976000
336382.081000
-662473.003000
336249.513000
336389.703000
-663940.942000
336184.352000
336529.150000
-662755.772000
337156.331000
336764.132000
-663130.661000
336709.387000
336653.958000
-662520.477000
337060.877000
337059.561000
-663321.004000
336427.005000
335903.130000
-663388.107000
336627.721000
337758.822000
337035.770000
336554.154000
-663741.912000
336929.673000
336496.458000
-662606.121000
336218.830000
336584.561000
-662710.707000
337348.140000
336596.579000
-662944.609000
336901.909000
337459.412000
-662903.436000
337108.915000
336541.123000
-663155.996000
336373.601000
336789.240000
-663688.588000
336413.691000
-662287.858000
336798.908000
336437.377000
-662902.910000
336597.182000
337098.370000
-663392.916000
336833.733000
336660.103000
-662512.043000
336450.285000
337666.978000
-662797.767000
337999.736000
336150.256000
337018.203000
336138.389000
-662056.742000
335973.008000
336189.552000
-664083.319000
336207.331000
336710.581000
-663631.110000
337051.401000
336649.691000
-662567.000000
336158.349000
337316.952000
-663169.258000
336265.076000
-663023.019000
336432.454000
336140.219000
-663135.682000
336074.098000
336201.004000
-663523.362000
336385.062000
336708.049000
-662021.215000
336639.598000
336836.040000
-663366.710000
335995.697000
336416.499000
-663332.574000
336952.270000
337444.609000
-663297.365000
336868.420000
336301.757000
-661874.130000
336039.381000
-662865.691000
336535.566000
336010.694000
-662370.968000
337351.709000
337072.878000
-662903.168000
336869.312000
337055.948000
336634.822000
337135.241000
-662679.058000
337375.866000
336819.219000
-662454.581000
336803.409000
336969.464000
-662582.669000
336648.023000
336423.223000
-662928.396000
336035.811000
336134.305000
-663410.014000
338235.616000
337555.499000
-663032.871000
336653.906000
337024.111000
-661835.650000
337110.506000
-661092.089000
336781.071000
336590.662000
-663196.111000
336444.632000
336699.408000
-662495.455000
337297.835000
337068.868000
-661084.335000
336954.313000
336859.961000
-663135.150000
336600.963000
336840.903000
-663602.224000
336055.036000
336144.373000
-663689.729000
336518.886000
337034.898000
-663400.399000
336872.254000
-663401.655000
338417.139000
336913.694000
-662688.848000
337481.101000
336902.820000
-663078.866000
336856.262000
337225.658000
-662389.168000
336817.487000
336667.589000
-663116.630000
337452.101000
337638.045000
-662825.494000
336749.981000
336892.202000
-663009.567000
337020.231000
-662339.558000
336278.209000
336443.940000
-663374.867000
336325.173000
335945.678000
-662900.021000
336832.169000
336825.188000
-661619.182000
336957.383000
336941.670000
-662984.542000
336739.420000
336922.242000
-662974.061000
337093.789000
337592.888000
-663208.661000
336473.959000
337249.979000
-663062.220000
336503.541000
-662281.827000
336271.526000
336389.342000
-663573.192000
337042.409000
336633.287000
-663229.951000
336770.079000
336867.927000
-663334.276000
336850.988000
336151.484000
-663472.025000
336592.502000
337314.170000
-662809.299000
337434.940000
337570.844000
-662493.012000
336569.579000
336954.676000
336956.993000
336192.195000
-661689.752000
336086.649000
336728.535000
-662693.178000
336411.930000
336447.331000
-663175.904000
336841.585000
336492.636000
-663303.601000
336262.744000
336110.009000
-663586.503000
336492.319000
336813.561000
-663139.919000
336728.012000
337402.282000
-662661.922000
336098.702000
-663758.737000
336724.526000
336779.022000
-663160.027000
336811.335000
337320.773000
-663235.013000
336580.342000
336837.598000
-663080.937000
336959.359000
-662693.587000
336327.086000
336496.331000
-662998.938000
336566.637000
338094.418000
-662985.523000
336856.558000
336591.143000
-662696.214000
336874.102000
337114.432000
-663653.585000
336788.877000
336495.984000
-663115.375000
337120.395000
337344.093000
-662888.196000
337272.991000
-661992.089000
337188.043000
336491.685000
-663078.438000
335890.850000
336113.677000
-663265.949000
336664.912000
336519.882000
-662797.038000
336292.805000
336460.395000
-663626.362000
336226.614000
337295.315000
-663259.152000
336605.072000
336732.910000
-663376.224000
335898.878000
336770.129000
-663593.756000
336776.495000
-662145.703000
336204.958000
336892.727000
-663433.104000
336433.789000
336673.768000
-662941.341000
336827.474000
336800.028000
-663175.295000
336146.945000
336597.004000
-663448.280000
336439.435000
336701.765000
-663455.563000
336490.344000
336661.925000
-663593.903000
336392.508000
338425.376000
-662783.588000
336301.258000
-663384.418000
336300.301000
336517.544000
-663687.225000
335750.112000
336041.491000
-663101.380000
336973.446000
336582.523000
-662807.035000
337892.876000
337077.283000
-663685.407000
336166.284000
337029.902000
-663449.637000
336354.588000
337006.505000
-663423.507000
335601.203000
336552.184000
-663897.572000
336876.075000
-661099.723000
336889.269000
336626.631000
-662692.036000
336225.869000
336395.472000
-663673.138000
336334.920000
-662955.375000
336541.446000
336404.610000
-662917.820000
335583.757000
336381.721000
-663962.626000
336659.152000
336408.189000
-662472.061000
337409.248000
336563.911000
-662040.123000
336738.800000
337012.544000
-663119.618000
336942.230000
336698.021000
-663032.721000
336331.419000
336478.719000
-663235.305000
337806.189000
-663225.215000
336604.767000
337374.675000
-662759.093000
335931.773000
337041.647000
-663745.948000
337540.850000
337127.882000
-661813.274000
338028.819000
336583.108000
-663300.004000
336357.582000
337465.751000
-662822.435000
337092.109000
337484.895000
