42633.995385
42061.333846
42175.116923
42084.236923
42057.570769
42063.590769
42097.592308
42052.973846
42054.358462
42079.044615
42037.275385
42073.560000
42097.835385
42051.633846
42068.112308
42091.418462
42056.066154
42076.907692
42094.386154
42051.995385
42068.461538
42089.173846
42062.849231
42069.209231
42093.432308
42055.346154
42057.621538
42095.844615
42060.160000
42060.792308
42097.152308
42056.661538
42069.990769
42099.253846
42047.867692
42068.252308
42057.886154
42041.846154
42076.093846
42063.006154
42033.250769
42080.013846
42062.724615
42060.326154
42079.638462
42064.135385
42096.918462
42664.383077
42056.063077
42116.850769
42076.032308
42063.092308
42099.167692
42072.504615
42054.070769
42066.647692
42033.967692
42051.987692
42097.830769
42051.604615
42063.530769
42091.175385
42054.020000
42661.658462
42081.215385
42148.816923
42061.200000
42077.813846
42042.623077
42057.686154
42055.710769
42057.680000
42096.007692
42050.906154
42059.835385
42094.492308
42052.493846
42073.686154
42084.393846
42052.529231
42056.789231
42064.776923
42038.950769
42055.655385
42095.653846
42050.583077
42065.358462
42090.744615
42055.830769
42076.592308
42092.492308
42049.412308
42072.266154
42053.655385
42036.353846
42079.415385
42062.218462
42029.112308
42074.367692
42066.621538
42064.353846
42079.075385
42074.809231
42079.460000
42063.613846
42068.130769
42040.181538
42047.849231
42104.067692
42049.656923
42068.503077
42643.844615
42031.846154
42148.898462
42096.480000
42049.106154
42072.841538
42050.781538
42026.164615
42081.003077
42063.315385
42074.140000
42078.636923
42061.752308
42093.738462
42074.733846
42054.000000
42656.487692
42059.975385
42108.693846
42065.196923
42034.692308
42045.041538
42104.144615
42053.444615
42067.046154
42093.361538
42055.321538
42056.447692
42058.807692
42087.280000
42052.015385
42073.370769
42061.435385
42048.215385
42096.793846
42061.244615
42031.867692
42073.061538
42062.381538
42027.464615
42071.187692
42059.652308
42026.452308
42082.072308
42062.569231
42076.729231
42077.673846
42063.690769
42097.940000
42074.403077
42055.449231
42066.121538
42033.452308
42046.832308
42674.055385
42053.323077
42153.316923
42078.527692
42037.669231
42073.033846
42109.146154
42050.587692
42068.387692
42052.032308
42031.823077
42061.150769
42026.572308
42082.283077
42063.092308
42038.063077
42075.278462
42054.076923
42029.329231
42071.433846
42058.500000
42099.627692
42075.612308
42059.803077
42651.301538
42075.478462
42065.763077
42061.327692
42075.284615
42067.633846
42090.286154
42075.515385
42060.280000
42061.810769
42040.096923
42045.798462
42059.760000
42041.203077
42048.103077
42092.793846
42632.464615
42058.890769
42152.909231
42061.775385
42054.413846
42068.260000
42116.249231
42048.218462
42073.184615
42053.600000
42032.126154
42075.770769
42060.895385
42026.392308
42081.058462
42062.406154
42028.021538
42065.889231
42049.066154
42070.378462
42053.449231
42028.773846
42073.204615
42062.118462
42032.372308
42083.424615
42062.101538
42025.903077
42085.212308
42061.798462
42065.676923
42074.912308
42063.475385
42098.166154
42057.730769
42052.043077
42079.464615
42034.450769
42063.560000
42090.323077
42053.858462
42075.829231
42060.587692
42048.593846
42069.073846
42051.583077
42932.726154
42635.603077
42057.512308
42025.053846
42080.564615
42061.686154
42033.632308
42083.369231
42061.001538
42025.300000
42080.195385
42065.146154
42027.356923
42080.264615
42060.600000
42096.138462
42073.430769
42054.607692
42064.406154
42031.796923
42045.813846
42105.410769
42049.796923
42066.496923
42666.355385
42056.220000
42076.280000
42091.544615
42059.664615
42034.767692
42066.210769
42060.361538
42030.824615
42073.809231
42061.793846
42097.109231
42050.175385
42024.509231
42077.992308
42068.290769
42054.747692
42066.367692
42066.760000
42048.996923
42064.084615
42058.786154
42025.078462
42094.018462
42058.264615
42079.527692
42071.826154
42066.109231
42091.892308
42088.775385
42061.689231
42633.953846
42057.398462
42085.178462
42052.127692
42071.544615
42060.521538
42047.133846
42073.790769
42051.392308
42639.963077
42073.923077
42205.058462
42029.176923
42075.916923
42066.960000
42097.670769
42052.896923
42062.693846
42073.126154
42032.101538
42051.787692
42091.913846
42044.367692
42068.403077
42049.286154
42603.806154
42065.663077
42108.115385
42031.367692
42058.376923
42052.898462
42045.126154
42070.975385
42052.523077
42033.521538
42071.321538
42158.070769
42055.363077
42076.852308
42055.767692
42031.684615
42071.610769
42063.049231
42089.240000
42075.806154
42062.409231
42076.938462
42037.966154
42054.486154
42093.156923
42052.903077
42067.127692
42052.490769
42069.341538
42095.570769
42050.663077
42072.181538
42051.404615
42029.956923
42075.216923
42059.632308
42029.267692
42080.526154
42062.130769
42049.061538
42084.918462
42072.752308
42053.569231
42079.316923
42074.061538
42064.269231
42097.278462
42053.101538
42640.940000
42079.176923
42123.926154
42069.093846
42092.330769
42057.720000
42080.244615
42075.072308
42034.486154
42072.850769
42092.038462
42056.489231
42062.506154
42089.523077
42058.315385
42070.084615
42061.236923
42054.386154
42128.104615
42052.100000
42054.576923
42064.569231
42034.706154
42055.004615
42096.903077
42050.773846
42067.166154
42075.236923
42052.690769
42073.127692
42059.964615
42047.026154
42065.750769
42097.175385
42035.127692
42068.283077
42060.546154
42039.213846
42074.543077
42062.181538
42095.658462
42075.026154
42060.526154
42083.304615
42074.884615
42065.430769
42090.490769
42071.798462
42056.809231
42033.403077
42066.161538
42062.676923
42028.072308
42086.015385
42061.775385
42049.867692
42072.807692
42052.396923
42031.083077
42075.810769
42060.220000
42050.467692
42659.966154
42090.015385
42097.687692
42070.503077
42089.735385
42055.621538
42080.238462
42045.378462
42064.592308
42064.916923
42060.410769
42055.900000
42058.046154
42035.858462
42066.956923
42065.538462
42050.835385
42065.693846
42057.367692
42028.483077
42065.812308
42070.892308
42034.440000
42078.567692
42059.713846
42035.247692
42069.840000
42059.395385
42032.656923
42064.596923
42054.015385
42074.160000
42060.840000
42050.083077
42074.276923
42051.629231
42024.829231
42071.749231
42059.469231
42024.289231
42641.098462
42061.873846
42146.207692
42071.564615
42060.669231
42050.338462
42092.953846
42054.452308
42641.750769
42078.100000
42112.203077
42068.178462
42088.970769
42056.707692
42081.383077
42080.330769
42034.516923
42052.540000
42091.526154
42054.670769
42070.380000
42051.478462
42029.041538
42078.235385
42061.283077
42034.670769
42073.820000
42067.347692
42034.476923
42073.287692
42068.144615
42074.327692
42074.907692
42069.993846
42060.384615
42034.346154
42052.481538
42092.144615
42059.021538
42074.718462
42078.481538
42058.198462
42070.350769
42061.915385
42033.406154
42064.849231
42067.627692
42036.744615
42074.718462
42067.704615
42060.169231
42072.535385
42069.526154
42091.413846
42068.244615
42634.923077
42076.884615
42147.323077
42047.220000
42080.653846
42077.635385
42088.690769
42060.210769
42068.723077
42091.498462
42057.056923
42058.130769
42089.616923
42064.903077
42069.192308
42060.792308
42631.049231
42061.978462
42095.843077
42037.247692
42066.329231
42065.729231
42051.101538
42067.269231
42067.916923
42032.244615
42076.969231
42067.110769
42025.426154
42081.120000
42061.220000
42093.746154
42657.218462
42052.900000
42166.790769
42077.204615
42062.175385
42094.733846
42082.583077
42053.984615
42078.387692
42073.347692
42061.658462
42099.706154
42073.978462
42055.466154
42095.670769
42068.255385
42640.473846
42060.858462
42130.706154
42058.643077
42072.170769
42048.563077
42063.520000
42082.920000
42050.850769
42060.941538
42057.673846
42074.686154
42067.855385
42080.878462
42059.063077
42058.396923
42674.306154
42057.535385
42163.624615
42068.536923
42087.778462
42053.541538
42073.740000
42092.993846
42053.516923
42058.490769
42137.416923
42048.712308
42070.912308
42043.426154
42059.532308
42081.155385
42061.461538
42067.829231
42061.269231
42031.600000
42040.607692
42059.240000
42095.836923
42057.776923
42638.784615
42075.998462
42129.315385
42061.710769
42076.126154
42034.612308
42097.206154
42059.290769
42047.604615
42078.026154
42051.895385
42063.221538
42042.567692
42080.926154
42083.335385
42034.700000
42044.244615
42097.307692
42059.676923
42061.783077
42090.856923
42057.803077
42053.090769
42065.660000
42053.424615
42071.144615
42086.000000
42032.058462
42074.064615
42055.646154
42086.352308
42072.012308
42061.889231
42077.181538
42070.096923
42079.763077
42078.995385
42075.116923
42067.755385
42651.387692
42042.686154
42102.856923
42070.927692
42036.758462
42074.333846
42075.378462
42106.066154
42057.503077
42056.704615
42105.510769
42071.480000
42082.086154
42092.923077
42063.512308
42079.743077
42651.049231
42048.420000
42179.113846
42078.716923
42041.612308
42069.604615
42046.307692
42087.481538
42080.007692
42082.243077
42064.421538
42063.444615
42103.873846
42067.704615
42073.976923
42086.193846
42630.147692
42067.029231
42148.878462
42069.556923
42073.763077
42071.086154
42044.164615
42065.103077
42069.646154
42075.280000
42090.412308
42076.246154
42088.413846
42052.929231
42060.287692
42063.263077
42625.207692
42082.421538
42168.463077
42052.020000
42086.312308
42080.132308
42107.226154
42043.360000
42057.140000
42062.680000
42095.363077
42085.026154
42076.918462
42039.858462
42044.930769
42096.495385
42054.784615
42065.481538
42058.249231
42024.055385
42072.510769
42071.380000
42093.404615
42053.440000
42055.864615
42089.458462
42056.536923
42061.132308
42071.060000
42061.384615
42054.712308
42055.996923
42024.443077
42040.798462
42057.493846
42072.580000
42060.536923
42063.009231
42090.356923
42056.010769
42065.732308
42061.956923
42036.813846
42067.106154
42067.253846
42029.015385
42073.050769
42052.363077
42060.644615
42052.076923
42030.744615
42076.372308
42067.849231
42084.672308
42074.466154
42066.809231
42091.058462
42053.847692
42067.420000
42077.800000
42054.526154
42073.044615
42062.553846
42038.098462
42084.626154
42093.413846
42056.940000
42058.207692
42042.449231
42089.627692
42060.704615
42077.266154
42072.778462
42070.407692
42096.738462
42053.032308
42061.324615
42089.789231
42055.384615
42659.196923
42090.246154
42146.780000
42107.290769
42092.100000
42052.050769
42074.076923
42061.950769
42027.804615
42081.572308
42063.421538
42028.761538
42077.107692
42063.729231
42097.564615
42052.466154
42053.527692
42068.104615
42034.320000
42074.366154
42097.955385
42053.436923
42073.000000
42059.081538
42048.887692
42094.606154
42062.723077
42024.566154
42077.572308
42063.466154
42094.498462
42633.850769
42054.564615
42175.052308
42041.061538
42047.318462
42097.616923
42079.232308
42043.140000
42079.864615
42652.413846
42062.686154
42131.583077
42077.907692
42042.507692
42054.715385
42073.381538
42093.487692
42103.101538
42074.733846
42087.935385
42052.093846
42069.466154
42088.513846
42051.707692
42659.643077
42098.736923
42178.015385
42071.450769
42121.286154
42076.920000
42075.800000
42104.510769
42088.949231
42073.386154
42109.153846
42064.086154
42079.103077
42071.520000
42035.984615
42102.333846
42651.949231
42039.390769
42133.781538
42072.395385
42049.376923
42083.423077
42080.015385
42059.350769
42072.120000
42068.176923
42042.290769
42080.055385
42074.072308
42041.423077
42068.186154
42064.204615
42044.040000
42065.266154
42208.475385
42072.886154
42056.046154
42044.056923
42046.126154
42672.841538
42094.589231
42098.455385
42083.015385
42092.383077
42055.261538
42157.133846
42056.596923
42063.212308
42096.367692
42053.881538
42063.558462
42096.370769
42036.252308
42077.356923
42060.935385
42053.570769
42073.992308
42057.456923
42029.830769
42100.804615
42054.770769
42059.666154
42044.675385
42052.583077
42065.675385
42031.886154
42048.867692
42098.703077
42049.981538
42065.418462
42645.144615
42033.018462
42112.195385
42059.590769
42046.826154
42084.243077
42053.958462
42023.201538
42079.595385
42062.770769
42095.578462
42080.827692
42055.261538
42083.466154
42058.876923
42063.830769
42684.747692
42053.575385
42155.561538
42077.938462
42036.432308
42053.806154
42102.292308
42066.023077
42660.501538
42043.038462
42124.658462
42092.204615
42037.569231
42091.433846
42076.450769
42074.973846
42056.920000
42067.306154
42081.353846
42048.430769
42060.035385
42108.955385
42064.124615
42073.469231
42700.101538
42068.738462
42174.136923
42143.380000
42071.589231
42078.966154
42103.430769
42085.896923
42110.946154
42069.013846
42086.413846
42072.181538
42062.949231
42084.133846
42065.735385
42045.278462
42052.372308
42066.427692
42095.270769
42081.932308
42075.087692
42102.420000
42067.344615
42074.163077
42109.469231
42065.330769
42081.255385
42066.363077
42043.070769
42066.424615
42064.704615
42048.624615
42085.715385
42074.349231
42048.647692
42092.267692
42084.583077
42093.376923
42085.358462
42080.103077
42104.507692
42088.163077
42127.450769
42056.584615
42072.815385
42063.672308
42063.250769
42091.661538
42056.446154
42060.989231
42072.026154
42059.026154
42056.701538
42064.286154
42025.263077
42051.249231
42632.569231
42023.447692
42056.378462
42063.741538
42063.578462
42078.956923
42063.495385
42095.676923
42063.884615
42056.121538
42079.750769
42030.698462
42048.620000
42054.843077
42051.378462
42078.696923
42634.215385
42045.090769
42121.729231
42059.935385
42059.598462
42078.915385
42082.209231
42058.264615
42068.453846
42092.000000
42051.040000
42061.813846
42088.458462
42058.203077
42068.927692
42059.623077
42608.415385
42077.052308
42171.064615
42079.267692
42057.463077
42066.747692
42085.490769
42052.740000
42067.878462
42088.244615
42055.141538
42074.261538
42060.378462
42026.444615
42078.863077
42063.461538
42673.626154
42076.143077
42094.726154
42080.590769
42059.181538
42056.469231
42066.944615
42675.473846
42087.418462
42061.133846
42073.253846
42109.818462
42070.095385
42081.143077
42077.576923
42039.563077
42054.726154
42064.621538
42043.667692
42086.158462
42079.820000
42075.623077
42089.070769
42075.627692
42103.373846
42085.555385
42067.395385
42085.058462
42056.861538
42058.235385
42108.952308
42663.569231
42073.283077
42222.216923
42068.433846
42078.844615
42077.749231
42078.404615
42080.935385
42069.836923
42037.056923
42093.733846
42073.540000
42105.750769
42077.581538
42067.167692
42087.138462
42646.640000
42059.287692
42151.930769
42069.475385
42076.583077
42107.653846
42067.746154
42079.080000
42079.266154
42038.398462
42088.126154
42078.176923
42035.684615
42091.455385
42075.556923
42104.261538
42649.278462
42068.755385
42189.852308
42056.078462
42058.696923
42101.106154
42069.964615
42072.055385
42115.587692
42070.940000
42081.635385
42077.892308
42061.410769
42074.916923
42070.875385
42036.527692
42666.718462
42077.300000
42079.443077
42092.176923
42076.200000
42075.998462
42088.244615
42074.693846
42108.220000
42092.710769
42065.881538
42080.060000
42080.746154
42075.696923
42112.256923
42064.406154
42073.740000
42108.009231
42070.364615
42086.360000
42072.073846
42040.976923
42087.213846
42069.384615
42037.892308
42086.826154
42079.310769
42092.880000
42092.536923
42075.383077
42110.478462
42051.735385
42057.689231
42108.350769
42071.566154
42067.090769
42093.321538
42052.150769
42058.307692
42671.198462
42062.323077
42162.752308
42099.704615
42050.080000
42060.815385
42089.609231
42053.692308
42072.730769
42072.821538
42099.666154
42078.173846
42072.073846
42063.130769
42096.396923
42072.760000
42055.295385
42065.826154
42032.043077
42055.006154
42099.127692
42049.512308
42067.955385
42090.066154
42057.292308
42077.518462
42068.843077
42048.283077
42070.024615
42051.860000
42032.009231
42077.489231
42062.540000
42032.804615
42075.389231
42063.140000
42085.383077
42071.653846
42069.370769
42685.035385
42073.567692
42062.620000
42073.084615
42055.366154
42067.616923
42090.690769
42051.293846
42067.655385
42093.855385
42058.027692
42068.412308
42061.363077
42035.009231
42067.492308
42061.386154
42613.413846
42065.872308
42152.341538
42033.658462
42065.884615
42066.840000
42045.406154
42075.620000
42067.292308
42025.520000
42056.992308
42095.350769
42053.875385
42069.127692
42047.596923
42069.267692
42648.375385
42038.264615
42096.460000
42097.043077
42050.644615
42065.736923
42055.392308
42031.938462
42069.206154
42063.550769
42034.469231
42082.475385
42063.650769
42031.367692
42081.296923
42060.569231
42025.347692
42079.298462
42063.392308
42065.140000
42078.963077
42060.180000
42096.703077
42071.044615
42076.750769
42081.987692
42032.921538
42045.995385
42098.653846
42050.823077
42066.321538
42669.704615
42055.773846
42073.473846
42090.078462
42050.783077
42065.835385
42067.638462
42059.993846
42670.741538
42076.584615
42155.052308
42029.704615
42073.036923
42062.806154
42063.721538
42075.672308
42067.833846
42096.120000
42072.323077
42061.667692
42077.244615
42033.995385
42054.296923
42081.050769
42053.873846
42060.098462
42054.087692
42081.178462
42104.372308
42068.804615
42052.467692
42084.593846
42649.452308
42049.304615
42214.384615
42075.743077
42046.167692
42086.172308
42080.080000
42036.903077
42086.527692
42077.320000
42074.956923
42092.896923
42075.224615
42104.775385
42093.295385
42067.112308
42075.515385
42090.116923
42078.516923
42094.367692
42088.852308
42077.866154
42107.706154
42085.636923
42068.001538
42097.356923
42085.281538
42074.495385
42114.098462
42085.115385
42074.221538
42666.298462
42086.973846
42078.627692
42041.372308
42085.201538
42081.026154
42071.876923
42082.241538
42053.887692
42088.510769
42074.920000
42041.676923
42086.769231
42085.260000
42041.955385
42086.244615
42659.130769
42046.461538
42129.540000
42076.027692
42042.178462
42086.798462
42080.023077
42035.416923
42089.147692
42075.249231
42037.255385
42092.532308
42075.444615
42075.581538
42087.318462
42076.426154
42688.836923
42090.658462
42162.964615
42053.373846
42085.958462
42066.220000
42094.604615
42084.406154
42075.578462
42110.820000
42047.806154
42063.101538
42084.586154
42069.392308
42087.055385
42062.867692
42075.455385
42073.360000
42044.130769
42085.656923
42072.710769
42042.496923
42080.967692
42627.713846
42070.896923
42204.273846
42093.901538
42067.384615
42079.872308
42068.296923
42070.178462
42109.169231
42135.801538
42072.435385
42110.395385
42067.367692
42088.501538
42109.693846
42063.130769
42664.747692
42103.212308
42113.423077
42087.224615
42073.395385
42061.007692
42083.443077
42067.850769
42639.206154
42053.873846
42140.410769
42072.558462
42050.500000
42031.809231
42075.906154
42063.753846
42032.567692
42074.175385
42062.496923
42080.518462
42073.170769
42068.616923
42098.909231
42046.824615
42652.709231
42092.961538
42096.289231
42046.923077
42093.812308
42057.558462
42052.949231
42075.695385
42039.969231
42046.692308
42090.200000
42053.352308
42065.270769
42058.775385
42046.035385
42067.803077
42643.186154
42048.886154
42165.866154
42068.632308
42030.412308
42039.867692
42088.386154
42080.907692
42054.695385
42081.500000
42057.353846
42062.026154
42071.395385
42033.660000
42064.258462
42674.932308
42057.540000
42099.769231
42081.187692
42035.390769
42051.458462
42090.407692
42066.933846
42095.864615
42075.490769
42060.630769
42094.856923
42056.827692
42068.832308
42065.012308
42026.844615
42655.403077
42060.578462
42165.078462
42082.389231
42060.443077
42033.261538
42080.738462
42061.143077
42064.709231
42076.658462
42063.432308
42094.364615
42054.615385
42054.453846
42064.953846
42054.778462
42064.704615
42098.924615
