46550.769231
46369.230769
46389.230769
46146.153846
46829.230769
46266.153846
46813.846154
46315.384615
46378.461538
46209.230769
46352.307692
47786.153846
46558.461538
46995.384615
46676.923077
46269.230769
46498.461538
46113.846154
46247.692308
46129.230769
46720.000000
46090.769231
46503.076923
46089.230769
46349.230769
46129.230769
46101.538462
46443.076923
46453.846154
46553.846154
45812.307692
46529.230769
46312.307692
46364.615385
46767.692308
46546.153846
46320.000000
46727.692308
46415.384615
46918.461538
46312.307692
46569.230769
46530.769231
46258.461538
46353.846154
46506.153846
46287.692308
46423.076923
47384.615385
46515.384615
46487.692308
46240.000000
46515.384615
46235.384615
46052.307692
46553.846154
46203.076923
46818.461538
46004.615385
46307.692308
46358.461538
46387.692308
46498.461538
46832.307692
46795.384615
45829.230769
46706.153846
46310.769231
46270.769231
46676.923077
46660.000000
46490.769231
46309.230769
46569.230769
46452.307692
45860.000000
46050.769231
46460.000000
46373.846154
46235.384615
46178.461538
46472.307692
46389.230769
46566.153846
46760.000000
46464.615385
46167.692308
46309.230769
46149.230769
46498.461538
46078.461538
46478.461538
46707.692308
46356.923077
46369.230769
46569.230769
132596.923077
46361.538462
46556.923077
46567.692308
46280.000000
46400.000000
46616.923077
46824.615385
46360.000000
46283.076923
47173.846154
47096.923077
47021.538462
46289.230769
46118.461538
46575.384615
46536.923077
46181.538462
46240.000000
46196.923077
46406.153846
46535.384615
46778.461538
46683.076923
46487.692308
46518.461538
47184.615385
46006.153846
46453.846154
46144.615385
46480.000000
46490.769231
47056.923077
46475.384615
46615.384615
46153.846154
46810.769231
46409.230769
45944.615385
46224.615385
46404.615385
46520.000000
46633.846154
46441.538462
46316.923077
46416.923077
46775.384615
46413.846154
46320.000000
46267.692308
46787.692308
46156.923077
45973.846154
46878.461538
46569.230769
46700.000000
46098.461538
46103.076923
46447.692308
46509.230769
46420.000000
46063.076923
46627.692308
46136.923077
46098.461538
46049.230769
46836.923077
46552.307692
46709.230769
46506.153846
46263.076923
46335.384615
46932.307692
46406.153846
46198.461538
46409.230769
46269.230769
46444.615385
46643.076923
46498.461538
46264.615385
46530.769231
46613.846154
46518.461538
46363.076923
46423.076923
46756.923077
46547.692308
45858.461538
46072.307692
46084.615385
46664.615385
46589.230769
46820.000000
46858.461538
45743.076923
46155.384615
47046.153846
46198.461538
46189.230769
46121.538462
46278.461538
46404.615385
46846.153846
46358.461538
46673.846154
45884.615385
45881.538462
46876.923077
46284.615385
46449.230769
46063.076923
46432.307692
46295.384615
46109.230769
46196.923077
46620.000000
46218.461538
46250.769231
46532.307692
46332.307692
45980.000000
46184.615385
45866.153846
46183.076923
46696.923077
46321.538462
46483.076923
45958.461538
45812.307692
46400.000000
46267.692308
46616.923077
46804.615385
46156.923077
46333.846154
45955.384615
46344.615385
45895.384615
47023.076923
46390.769231
46466.153846
46176.923077
46193.846154
46258.461538
46752.307692
46678.461538
46569.230769
46244.615385
46976.923077
46163.076923
46006.153846
46735.384615
45826.153846
46267.692308
46386.153846
46629.230769
46252.307692
47193.846154
46150.769231
46203.076923
46276.923077
46578.461538
46209.230769
46306.153846
46738.461538
46100.000000
46420.000000
45866.153846
46621.538462
46175.384615
46301.538462
46683.076923
46332.307692
47409.230769
46261.538462
46686.153846
46086.153846
46310.769231
46850.769231
47050.769231
46350.769231
46335.384615
46552.307692
46387.692308
46884.615385
46618.461538
46969.230769
46416.923077
46286.153846
46496.923077
46609.230769
46333.846154
46263.076923
46689.230769
46430.769231
46516.923077
46081.538462
46729.230769
47453.846154
46624.615385
46660.000000
46093.846154
46455.384615
46358.461538
46255.384615
46627.692308
46609.230769
46578.461538
46255.384615
46220.000000
46147.692308
46495.384615
47073.846154
46416.923077
46515.384615
46312.307692
46464.615385
46124.615385
46066.153846
46198.461538
46535.384615
47116.923077
46115.384615
46198.461538
46781.538462
46678.461538
46338.461538
46575.384615
45920.000000
46480.000000
46756.923077
46486.153846
46133.846154
46460.000000
46498.461538
46966.153846
45969.230769
46681.538462
46841.538462
46784.615385
46770.769231
46764.615385
46115.384615
46340.000000
46972.307692
46280.000000
46961.538462
46390.769231
46586.153846
47549.230769
46703.076923
46355.384615
46186.153846
46635.384615
46673.846154
46583.076923
46450.769231
46221.538462
47141.538462
46589.230769
46315.384615
46770.769231
46835.384615
46549.230769
46718.461538
46041.538462
46612.307692
46513.846154
46563.076923
46780.000000
46567.692308
46267.692308
46109.230769
46647.692308
46620.000000
46261.538462
46413.846154
45984.615385
45927.692308
46516.923077
89260.000000
46601.538462
46796.923077
47086.153846
46452.307692
46358.461538
46643.076923
46170.769231
46721.538462
46460.000000
46550.769231
46483.076923
46481.538462
46149.230769
46436.923077
46086.153846
46829.230769
46606.153846
47126.153846
46504.615385
46909.230769
46469.230769
46792.307692
46100.000000
46429.230769
46141.538462
46572.307692
46196.923077
46667.692308
46455.384615
46013.846154
46241.538462
46372.307692
46515.384615
46326.153846
46533.846154
46450.769231
46635.384615
47286.153846
46380.000000
46589.230769
46124.615385
46547.692308
46800.000000
46375.384615
46329.230769
46644.615385
46093.846154
46427.692308
46932.307692
46150.769231
46146.153846
46593.846154
46273.846154
46404.615385
46500.000000
46450.769231
46523.076923
46395.384615
46480.000000
46486.153846
46586.153846
46844.615385
46538.461538
46438.461538
45987.692308
46473.846154
46118.461538
46610.769231
46438.461538
46335.384615
46400.000000
47087.692308
46706.153846
46680.000000
46601.538462
46193.846154
46800.000000
46495.384615
46736.923077
46398.461538
46684.615385
46535.384615
46523.076923
46723.076923
46561.538462
46386.153846
46606.153846
46444.615385
46796.923077
46390.769231
46604.615385
46329.230769
46150.769231
47140.000000
46395.384615
46569.230769
46667.692308
46280.000000
46950.769231
46867.692308
46696.923077
46875.384615
46333.846154
46209.230769
46755.384615
48116.923077
46226.153846
46123.076923
46030.769231
46858.461538
46415.384615
46441.538462
46383.076923
46589.230769
46829.230769
46555.384615
46060.000000
46280.000000
46715.384615
46187.692308
46673.846154
46503.076923
46115.384615
46613.846154
46429.230769
46809.230769
46696.923077
46543.076923
46567.692308
47087.692308
46524.615385
46583.076923
46295.384615
46535.384615
46475.384615
46163.076923
46206.153846
46404.615385
46320.000000
46981.538462
46296.923077
46447.692308
46824.615385
46409.230769
46624.615385
45992.307692
46324.615385
46393.846154
46124.615385
46180.000000
46178.461538
46553.846154
46896.923077
46341.538462
46523.076923
46303.076923
47129.230769
46510.769231
46823.076923
46496.923077
46615.384615
46187.692308
46243.076923
45966.153846
46444.615385
46164.615385
46550.769231
46233.846154
46400.000000
46744.615385
46540.000000
45967.692308
46206.153846
46575.384615
46490.769231
46458.461538
46952.307692
46698.461538
46167.692308
46313.846154
46703.076923
46440.000000
46847.692308
46670.769231
46150.769231
46135.384615
46512.307692
46223.076923
47073.846154
46184.615385
46730.769231
46193.846154
46123.076923
46783.076923
46776.923077
46130.769231
46344.615385
46323.076923
46207.692308
46263.076923
46916.923077
46227.692308
46110.769231
46510.769231
46715.384615
46167.692308
46056.923077
47483.076923
46287.692308
46724.615385
46292.307692
46436.923077
46255.384615
46924.615385
46438.461538
46960.000000
46783.076923
46783.076923
46593.846154
46626.153846
46646.153846
46192.307692
46226.153846
46427.692308
46953.846154
46384.615385
46516.923077
46321.538462
46009.230769
46110.769231
47012.307692
46116.923077
46249.230769
46353.846154
46090.769231
46136.923077
46775.384615
46092.307692
46464.615385
46635.384615
46343.076923
46047.692308
46044.615385
46075.384615
47001.538462
46518.461538
46789.230769
46447.692308
46564.615385
46709.230769
46644.615385
46666.153846
46324.615385
46369.230769
46007.692308
46286.153846
45980.000000
46480.000000
46500.000000
46330.769231
46178.461538
46470.769231
47178.461538
46264.615385
46563.076923
46470.769231
46164.615385
46884.615385
46476.923077
47052.307692
45944.615385
46081.538462
47443.076923
46633.846154
46330.769231
46632.307692
46420.000000
46146.153846
46232.307692
46392.307692
46395.384615
46196.923077
46223.076923
45992.307692
46484.615385
46329.230769
46507.692308
46755.384615
47880.000000
46126.153846
46569.230769
46220.000000
46546.153846
46595.384615
46686.153846
46241.538462
47480.000000
46615.384615
46316.923077
46810.769231
46533.846154
46107.692308
46858.461538
46321.538462
46281.538462
46384.615385
46327.692308
46296.923077
46249.230769
46406.153846
46816.923077
46500.000000
46663.076923
46486.153846
46480.000000
46860.000000
46584.615385
46686.153846
46652.307692
46913.846154
46781.538462
46720.000000
47796.923077
46507.692308
46613.846154
46264.615385
46390.769231
46823.076923
46246.153846
46327.692308
46032.307692
46384.615385
46163.076923
46583.076923
46489.230769
46366.153846
46316.923077
45980.000000
46295.384615
46327.692308
46663.076923
46441.538462
46495.384615
46510.769231
46426.153846
46143.076923
46480.000000
45983.076923
46215.384615
46387.692308
46216.923077
46787.692308
47115.384615
46352.307692
46435.384615
46210.769231
47049.230769
46147.692308
46889.230769
46560.000000
46540.000000
46700.000000
46596.923077
46672.307692
46404.615385
46184.615385
46429.230769
46275.384615
46438.461538
46423.076923
46806.153846
46821.538462
47352.307692
46058.461538
46255.384615
46586.153846
46086.153846
46936.923077
46141.538462
46706.153846
46912.307692
46349.230769
46784.615385
46516.923077
47470.769231
46850.769231
46286.153846
46313.846154
47007.692308
46833.846154
46638.461538
46013.846154
46861.538462
46513.846154
46206.153846
46646.153846
46360.000000
47075.384615
46184.615385
46292.307692
46663.076923
46755.384615
46218.461538
46407.692308
46329.230769
46413.846154
46627.692308
46449.230769
45896.923077
47036.923077
46400.000000
46553.846154
46623.076923
46292.307692
46315.384615
46167.692308
46621.538462
46680.000000
46370.769231
46949.230769
46646.153846
46206.153846
46696.923077
46169.230769
46190.769231
46193.846154
46775.384615
46453.846154
46083.076923
46446.153846
46712.307692
46453.846154
46244.615385
45910.769231
46621.538462
46573.846154
45983.076923
46443.076923
46830.769231
46558.461538
46180.000000
47492.307692
46912.307692
46547.692308
46061.538462
46743.076923
46604.615385
46604.615385
46329.230769
45967.692308
46043.076923
46556.923077
46804.615385
46098.461538
46898.461538
46541.538462
45969.230769
46356.923077
46455.384615
47069.230769
46355.384615
46810.769231
46493.846154
45986.153846
46649.230769
46507.692308
45796.923077
46272.307692
46704.615385
46569.230769
46286.153846
46041.538462
46278.461538
46207.692308
46640.000000
46783.076923
46360.000000
47536.923077
46009.230769
45909.230769
46450.769231
46410.769231
46324.615385
45761.538462
46244.615385
46712.307692
46407.692308
46052.307692
46558.461538
46289.230769
46263.076923
46535.384615
46335.384615
46607.692308
46524.615385
46381.538462
45900.000000
45964.615385
46303.076923
46807.692308
46815.384615
46858.461538
46521.538462
46429.230769
46420.000000
46604.615385
46520.000000
46555.384615
46638.461538
46333.846154
46201.538462
46606.153846
46496.923077
46078.461538
46073.846154
46004.615385
46343.076923
46400.000000
46229.230769
46980.000000
47013.846154
47258.461538
46456.923077
46036.923077
46347.692308
46126.153846
46927.692308
46266.153846
46663.076923
46221.538462
46696.923077
46249.230769
46576.923077
46752.307692
46586.153846
47280.000000
46436.923077
46596.923077
45996.923077
46301.538462
46701.538462
46770.769231
46404.615385
46476.923077
46538.461538
45964.615385
45940.000000
46455.384615
47075.384615
46356.923077
46313.846154
46627.692308
46327.692308
46643.076923
46972.307692
46835.384615
46400.000000
46766.153846
46312.307692
46396.923077
46807.692308
47056.923077
46583.076923
46952.307692
46876.923077
46201.538462
46540.000000
46924.615385
46313.846154
46686.153846
46653.846154
46460.000000
46087.692308
46050.769231
46867.692308
46723.076923
46389.230769
46183.076923
46660.000000
46915.384615
46790.769231
46881.538462
46958.461538
46250.769231
46795.384615
46073.846154
46406.153846
46636.923077
46423.076923
46572.307692
46809.230769
46703.076923
46316.923077
46710.769231
46160.000000
46656.923077
47263.076923
46195.384615
46447.692308
46712.307692
46520.000000
46538.461538
46412.307692
47475.384615
46236.923077
46129.230769
46267.692308
46401.538462
46423.076923
45983.076923
46383.076923
46343.076923
46793.846154
46700.000000
47103.076923
46872.307692
46690.769231
46463.076923
46701.538462
46444.615385
46478.461538
46198.461538
46421.538462
46626.153846
46510.769231
46381.538462
46383.076923
46810.769231
46167.692308
46407.692308
46510.769231
46687.692308
47109.230769
46372.307692
46453.846154
47140.000000
46615.384615
46456.923077
47143.076923
46552.307692
46527.692308
45930.769231
46400.000000
45912.307692
46884.615385
46423.076923
46369.230769
47324.615385
46195.384615
46375.384615
46903.076923
46313.846154
47116.923077
46906.153846
46453.846154
46809.230769
46747.692308
46469.230769
46541.538462
46773.846154
46644.615385
46392.307692
46290.769231
46366.153846
46264.615385
46267.692308
46813.846154
45980.000000
46035.384615
46692.307692
46141.538462
46135.384615
47298.461538
46863.076923
46641.538462
46238.461538
46315.384615
46392.307692
46287.692308
46084.615385
46226.153846
46590.769231
46680.000000
46644.615385
46398.461538
46900.000000
46253.846154
46310.769231
46470.769231
47692.307692
46536.923077
46475.384615
46318.461538
46593.846154
46380.000000
46006.153846
46153.846154
46327.692308
46387.692308
46147.692308
46596.923077
46555.384615
46020.000000
46349.230769
46833.846154
46250.769231
46292.307692
46147.692308
46286.153846
45841.538462
46210.769231
46295.384615
46064.615385
46409.230769
46230.769231
46578.461538
46530.769231
46269.230769
46618.461538
46167.692308
47226.153846
47289.230769
46420.000000
47069.230769
46104.615385
46598.461538
46504.615385
46329.230769
47847.692308
46533.846154
46298.461538
46127.692308
46296.923077
46347.692308
46784.615385
46455.384615
47740.000000
46210.769231
46123.076923
46664.615385
45943.076923
47086.153846
46653.846154
46181.538462
46061.538462
46215.384615
46473.846154
46675.384615
46267.692308
46749.230769
46252.307692
46167.692308
46353.846154
46275.384615
46606.153846
46038.461538
46624.615385
46400.000000
46540.000000
46512.307692
46596.923077
46926.153846
46984.615385
46724.615385
46000.000000
46380.000000
46153.846154
46003.076923
46238.461538
46666.153846
46350.769231
46395.384615
46161.538462
46201.538462
46235.384615
46376.923077
46273.846154
46316.923077
46689.230769
46407.692308
46461.538462
46489.230769
46173.846154
46530.769231
46246.153846
46341.538462
46435.384615
47976.923077
46038.461538
46400.000000
46253.846154
46589.230769
46735.384615
46456.923077
46984.615385
46400.000000
46864.615385
46553.846154
46295.384615
46256.923077
46475.384615
46673.846154
47163.076923
46330.769231
46558.461538
46941.538462
47253.846154
46169.230769
46136.923077
45896.923077
46792.307692
46763.076923
46110.769231
46736.923077
46996.923077
46510.769231
46236.923077
46472.307692
46364.615385
46129.230769
46035.384615
46573.846154
46381.538462
46255.384615
46233.846154
46160.000000
46643.076923
46243.076923
46710.769231
47129.230769
46556.923077
47035.384615
47044.615385
46630.769231
46892.307692
47136.923077
47333.846154
46070.769231
46303.076923
46101.538462
46432.307692
46210.769231
46627.692308
46316.923077
46367.692308
46369.230769
46372.307692
46601.538462
46749.230769
46701.538462
46776.923077
46283.076923
46438.461538
46421.538462
46915.384615
45980.000000
46240.000000
46730.769231
46736.923077
47233.846154
46350.769231
46338.461538
46367.692308
46326.153846
46884.615385
46470.769231
46689.230769
46863.076923
46572.307692
46575.384615
46156.923077
46755.384615
45904.615385
46480.000000
46553.846154
47180.000000
46560.000000
46578.461538
46403.076923
46473.846154
46536.923077
46540.000000
46510.769231
47329.230769
46633.846154
46875.384615
46283.076923
46350.769231
46458.461538
46490.769231
46312.307692
46929.230769
46515.384615
46576.923077
46509.230769
46963.076923
47221.538462
46518.461538
46473.846154
46001.538462
46584.615385
46553.846154
47012.307692
46826.153846
46603.076923
46535.384615
47216.923077
46609.230769
46638.461538
46475.384615
45958.461538
46395.384615
46264.615385
46896.923077
46389.230769
46423.076923
46249.230769
46544.615385
46207.692308
46395.384615
46416.923077
46790.769231
46792.307692
46375.384615
46663.076923
127740.000000
46590.769231
46493.846154
46176.923077
46878.461538
46766.153846
46738.461538
46393.846154
46741.538462
46509.230769
46730.769231
46243.076923
46470.769231
46426.153846
45930.769231
46998.461538
46478.461538
46201.538462
47007.692308
45906.153846
46895.384615
46515.384615
46018.461538
46253.846154
46366.153846
46321.538462
46369.230769
46556.923077
47086.153846
46303.076923
46286.153846
46395.384615
46524.615385
46240.000000
46816.923077
46861.538462
46181.538462
47058.461538
47156.923077
46407.692308
46124.615385
46146.153846
46546.153846
46569.230769
46470.769231
46696.923077
46555.384615
46341.538462
47015.384615
46533.846154
46309.230769
46280.000000
46123.076923
46441.538462
46221.538462
46904.615385
46629.230769
46983.076923
46649.230769
46649.230769
46064.615385
46289.230769
46629.230769
46450.769231
46761.538462
46260.000000
46175.384615
46527.692308
46132.307692
46246.153846
46173.846154
47292.307692
46824.615385
46246.153846
46440.000000
46426.153846
46286.153846
46192.307692
46820.000000
46061.538462
46207.692308
46946.153846
46416.923077
46087.692308
45995.384615
46993.846154
46283.076923
45987.692308
46152.307692
46641.538462
46693.846154
46661.538462
46433.846154
46220.000000
46786.153846
46300.000000
46349.230769
46460.000000
46223.076923
46150.769231
46353.846154
46503.076923
46410.769231
46538.461538
46504.615385
46570.769231
46383.076923
46495.384615
46790.769231
46512.307692
46570.769231
46313.846154
46456.923077
46440.000000
46621.538462
46864.615385
46429.230769
47113.846154
46867.692308
46364.615385
46589.230769
46461.538462
46801.538462
46178.461538
46712.307692
46573.846154
46569.230769
46596.923077
46253.846154
45990.769231
46284.615385
46973.846154
46061.538462
46153.846154
47155.384615
46073.846154
46270.769231
46364.615385
46636.923077
45967.692308
46867.692308
46333.846154
46653.846154
47249.230769
46483.076923
46340.000000
46084.615385
46221.538462
46833.846154
46350.769231
46226.153846
46924.615385
46424.615385
46567.692308
46753.846154
47043.076923
46118.461538
46676.923077
46361.538462
45926.153846
46336.923077
46812.307692
46496.923077
46418.461538
46212.307692
46695.384615
46680.000000
53940.000000
47072.307692
46269.230769
47830.769231
46613.846154
46349.230769
46418.461538
46520.000000
46490.769231
46584.615385
46426.153846
46875.384615
46910.769231
46296.923077
46390.769231
47013.846154
46849.230769
46361.538462
46226.153846
46256.923077
46747.692308
46995.384615
46707.692308
46415.384615
46466.153846
