788524.615385
823496.923077
837070.769231
880412.307692
787369.230769
787629.230769
839847.692308
887392.307692
788013.846154
842755.384615
840227.692308
881681.538462
877529.230769
883996.923077
790709.230769
820290.769231
784740.000000
833926.153846
790638.461538
881946.153846
789335.384615
788575.384615
838873.846154
791472.307692
789921.538462
841118.461538
836929.230769
876253.846154
796060.000000
873529.230769
786500.000000
828698.461538
790406.153846
789833.846154
792176.923077
840801.538462
818744.615385
828509.230769
788927.692308
789324.615385
827960.000000
788910.769231
850684.615385
792130.769231
821678.461538
790330.769231
794443.076923
787213.846154
821853.846154
839604.615385
791390.769231
877236.923077
877343.076923
842500.000000
834755.384615
827861.538462
874366.153846
879512.307692
840147.692308
878221.538462
838896.923077
878621.538462
820633.846154
818193.846154
884863.076923
838421.538462
790552.307692
872372.307692
839415.384615
835144.615385
871813.846154
786064.615385
791350.769231
791261.538462
884960.000000
899078.461538
841503.076923
828963.076923
883601.538462
822058.461538
815133.846154
788916.923077
787143.076923
792213.846154
891100.000000
872700.000000
820595.384615
791003.076923
815072.307692
788103.076923
788507.692308
789792.307692
789729.230769
786549.230769
838958.461538
835329.230769
799692.307692
821601.538462
815124.615385
786715.384615
789707.692308
881995.384615
838849.230769
791581.538462
789852.307692
787752.307692
789052.307692
957178.461538
884978.461538
791612.307692
790355.384615
872489.230769
789446.153846
839320.000000
789284.615385
878743.076923
836463.076923
785496.923077
875892.307692
787121.538462
839772.307692
834804.615385
884386.153846
871447.692308
791598.461538
814793.846154
790089.230769
882153.846154
786978.461538
837135.384615
879215.384615
791678.461538
882753.846154
789804.615385
881098.461538
793441.538462
828924.615385
879915.384615
813803.076923
788603.076923
933920.000000
788132.307692
790289.230769
816980.000000
790440.000000
846390.769231
819443.076923
843226.153846
788349.230769
792647.692308
790253.846154
883600.000000
884823.076923
880000.000000
852538.461538
821698.461538
788623.076923
817118.461538
787372.307692
882538.461538
793361.538462
820984.615385
793127.692308
822095.384615
819758.461538
878000.000000
785992.307692
820583.076923
887183.076923
794650.769231
788938.461538
787913.846154
791227.692308
879106.153846
792744.615385
789620.000000
789220.000000
791520.000000
790769.230769
873929.230769
796315.384615
793253.846154
882423.076923
886195.384615
872087.692308
819936.923077
816727.692308
789067.692308
814444.615385
841170.769231
922935.384615
790055.384615
869286.153846
784946.153846
791356.923077
817720.000000
879409.230769
789844.615385
782966.153846
788049.230769
820930.769231
977196.923077
881564.615385
786301.538462
879030.769231
841829.230769
880744.615385
792166.153846
788181.538462
814875.384615
789861.538462
917621.538462
790533.846154
790098.461538
790596.923077
879969.230769
878023.076923
885789.230769
876460.000000
871813.846154
824372.307692
957876.923077
838650.769231
792141.538462
873001.538462
791176.923077
790826.153846
839861.538462
787806.153846
792069.230769
812435.384615
869587.692308
828835.384615
788304.615385
820870.769231
839529.230769
785896.923077
845260.000000
793587.692308
789341.538462
872653.846154
881178.461538
786573.846154
815156.923077
789526.153846
788481.538462
879441.538462
886689.230769
840695.384615
787641.538462
882721.538462
794183.076923
812150.769231
832104.615385
883953.846154
821301.538462
873198.461538
841309.230769
788321.538462
962753.846154
828940.000000
825555.384615
793901.538462
820156.923077
790796.923077
789950.769231
884010.769231
881993.846154
880016.923077
796144.615385
786949.230769
789207.692308
885264.615385
818743.076923
878772.307692
819901.538462
838515.384615
822556.923077
871933.846154
792392.307692
788695.384615
788923.076923
785921.538462
839750.769231
787672.307692
789356.923077
788084.615385
820289.230769
882564.615385
923955.384615
877986.153846
786152.307692
839166.153846
790001.538462
881660.000000
884266.153846
881316.923077
884601.538462
885969.230769
837120.000000
790730.769231
790780.000000
787675.384615
838776.923077
821509.230769
879312.307692
814558.461538
788513.846154
826906.153846
895221.538462
825289.230769
882315.384615
791116.923077
823816.923077
876967.692308
790493.846154
838880.000000
829035.384615
794043.076923
928709.230769
844050.769231
814526.153846
825244.615385
788741.538462
837369.230769
883964.615385
788529.230769
882569.230769
789950.769231
787100.000000
787250.769231
854329.230769
790949.230769
788803.076923
790401.538462
792763.076923
836263.076923
792195.384615
842243.076923
795001.538462
792543.076923
820429.230769
788829.230769
844353.846154
793001.538462
790489.230769
885487.692308
821023.076923
815853.846154
787992.307692
886741.538462
843315.384615
794664.615385
835216.923077
791872.307692
879561.538462
792572.307692
873609.230769
788880.000000
935938.461538
789455.384615
881844.615385
786292.307692
789612.307692
789472.307692
815800.000000
838895.384615
815515.384615
870883.076923
881947.692308
879281.538462
882946.153846
788716.923077
816255.384615
784384.615385
783830.769231
849027.692308
816200.000000
811370.769231
789018.461538
871212.307692
790050.769231
790381.538462
880781.538462
879596.923077
882669.230769
834152.307692
904569.230769
790389.230769
785541.538462
786796.923077
784696.923077
791966.153846
823818.461538
835661.538462
838195.384615
817990.769231
784204.615385
880438.461538
789283.076923
868872.307692
878258.461538
785916.923077
816141.538462
874684.615385
788498.461538
785400.000000
790930.769231
826467.692308
786656.923077
944118.461538
787710.769231
790407.692308
835324.615385
789910.769231
788218.461538
820292.307692
793355.384615
788987.692308
812309.230769
815832.307692
873106.153846
823538.461538
793556.923077
792707.692308
880807.692308
788167.692308
880092.307692
843104.615385
795240.000000
790690.769231
792633.846154
865915.384615
882075.384615
787418.461538
789755.384615
880373.846154
885220.000000
793310.769231
929620.000000
840972.307692
790615.384615
838067.692308
827596.923077
824176.923077
821409.230769
789715.384615
824476.923077
825483.076923
855660.000000
884923.076923
790886.153846
817393.846154
869916.923077
879806.153846
885795.384615
788529.230769
790873.846154
880407.692308
788136.923077
822644.615385
789653.846154
841406.153846
840963.076923
787756.923077
784053.846154
787501.538462
817375.384615
876101.538462
908352.307692
791775.384615
792798.461538
785233.846154
789469.230769
814756.923077
868273.846154
883861.538462
872381.538462
794352.307692
932298.461538
830563.076923
827375.384615
816827.692308
883287.692308
841933.846154
878270.769231
793821.538462
786426.153846
787015.384615
789272.307692
792416.923077
840853.846154
841895.384615
787584.615385
788010.769231
792358.461538
790140.000000
819232.307692
790916.923077
880987.692308
791572.307692
788286.153846
880820.000000
825761.538462
817800.000000
838527.692308
867747.692308
791446.153846
873901.538462
884107.692308
885853.846154
838556.923077
877296.923077
787844.615385
840535.384615
879110.769231
815267.692308
787600.000000
789141.538462
790650.769231
897852.307692
794410.769231
792716.923077
787595.384615
790650.769231
874876.923077
818018.461538
788644.615385
791010.769231
828092.307692
788704.615385
785604.615385
877503.076923
840427.692308
792293.846154
816684.615385
817423.076923
791224.615385
787920.000000
790467.692308
884220.000000
835667.692308
791416.923077
813281.538462
824309.230769
815446.153846
789610.769231
827463.076923
792418.461538
835918.461538
837603.076923
881952.307692
817364.615385
817736.923077
789646.153846
837475.384615
786995.384615
792241.538462
791096.923077
826729.230769
790596.923077
907163.076923
792223.076923
834723.076923
879695.384615
789576.923077
788489.230769
790718.461538
871700.000000
795966.153846
790600.000000
790824.615385
868112.307692
886724.615385
837626.153846
822681.538462
789640.000000
790836.923077
791375.384615
880186.153846
912289.230769
841853.846154
786676.923077
869683.076923
791886.153846
824901.538462
819112.307692
789647.692308
871772.307692
875995.384615
891981.538462
829135.384615
790029.230769
819783.076923
788100.000000
827253.846154
792255.384615
788844.615385
841541.538462
886423.076923
869360.000000
879736.923077
786975.384615
871595.384615
790412.307692
881226.153846
789973.846154
875556.923077
790109.230769
791235.384615
791741.538462
889200.000000
793109.230769
883266.153846
869036.923077
884250.769231
790090.769231
790515.384615
791083.076923
789670.769231
793195.384615
791604.615385
881352.307692
787361.538462
789718.461538
815904.615385
792444.615385
972941.538462
823487.692308
789504.615385
841647.692308
791449.230769
788290.769231
788281.538462
838975.384615
789952.307692
819563.076923
886746.153846
836144.615385
876706.153846
875141.538462
820526.153846
878726.153846
787984.615385
788172.307692
791970.769231
829581.538462
842926.153846
791373.846154
978441.538462
842563.076923
836064.615385
788907.692308
785326.153846
882010.769231
822841.538462
821689.230769
786707.692308
881853.846154
791521.538462
838432.307692
789907.692308
894800.000000
888296.923077
837992.307692
838884.615385
872204.615385
835484.615385
871110.769231
789826.153846
941949.230769
825949.230769
822127.692308
792975.384615
791649.230769
790872.307692
840013.846154
787692.307692
867850.769231
838193.846154
881703.076923
792450.769231
791036.923077
836563.076923
788830.769231
787586.153846
838606.153846
880343.076923
791653.846154
786046.153846
889741.538462
793849.230769
828836.923077
820223.076923
790152.307692
824049.230769
792661.538462
789792.307692
789872.307692
886820.000000
883566.153846
872995.384615
884926.153846
794001.538462
786726.153846
866578.461538
825541.538462
877718.461538
827921.538462
819475.384615
786015.384615
871658.461538
790764.615385
785746.153846
833776.923077
838204.615385
787041.538462
814898.461538
784720.000000
824296.923077
841532.307692
790915.384615
839553.846154
902069.230769
791144.615385
821409.230769
789389.230769
876066.153846
886358.461538
882718.461538
875552.307692
840566.153846
791940.000000
790041.538462
787976.923077
922627.692308
893106.153846
791538.461538
881969.230769
879380.000000
878549.230769
785818.461538
792278.461538
791261.538462
872664.615385
795292.307692
787718.461538
836236.923077
792070.769231
885753.846154
877703.076923
819149.230769
818541.538462
794724.615385
791030.769231
792763.076923
792327.692308
837563.076923
837489.230769
878475.384615
791235.384615
793010.769231
791238.461538
872649.230769
794161.538462
829823.076923
881635.384615
837680.000000
786501.538462
840492.307692
791976.923077
791963.076923
841276.923077
922720.000000
799396.923077
791770.769231
882367.692308
816316.923077
838506.153846
873293.846154
790690.769231
790733.846154
793687.692308
882044.615385
819395.384615
791761.538462
791604.615385
792543.076923
877029.230769
786269.230769
790773.846154
789813.846154
885118.461538
793158.461538
874726.153846
876803.076923
795249.230769
878615.384615
787467.692308
787956.923077
815727.692308
824713.846154
882015.384615
837424.615385
927858.461538
821507.692308
819493.846154
883190.769231
837023.076923
792280.000000
794535.384615
824730.769231
790164.615385
922215.384615
795249.230769
793598.461538
820090.769231
792527.692308
788550.769231
789213.846154
786969.230769
884589.230769
882723.076923
816069.230769
791904.615385
841709.230769
998046.153846
825118.461538
817241.538462
790755.384615
880164.615385
786161.538462
787121.538462
790669.230769
788453.846154
874152.307692
791915.384615
817023.076923
789584.615385
828916.923077
784566.153846
789858.461538
789800.000000
789270.769231
792364.615385
847863.076923
795192.307692
791386.153846
838644.615385
875610.769231
793340.000000
874649.230769
886475.384615
883915.384615
789227.692308
877104.615385
829095.384615
881038.461538
791330.769231
790741.538462
788515.384615
878678.461538
880933.846154
885980.000000
836752.307692
789733.846154
793481.538462
787964.615385
788178.461538
794503.076923
873378.461538
836329.230769
944996.923077
789416.923077
791021.538462
839226.153846
792875.384615
791769.230769
969644.615385
844210.769231
885876.923077
813967.692308
878343.076923
879350.769231
826623.076923
790121.538462
819350.769231
850336.923077
817952.307692
788266.153846
826838.461538
882872.307692
887001.538462
790613.846154
786876.923077
955452.307692
885286.153846
792896.923077
875250.769231
791813.846154
796203.076923
792533.846154
794669.230769
816218.461538
849146.153846
788612.307692
882401.538462
836069.230769
817144.615385
883501.538462
815716.923077
789013.846154
822801.538462
793583.076923
838667.692308
788510.769231
819824.615385
792944.615385
882143.076923
840693.846154
786850.769231
840632.307692
873936.923077
893570.769231
828244.615385
790783.076923
790824.615385
820504.615385
788283.076923
792067.692308
886303.076923
788864.615385
873641.538462
824986.153846
820760.000000
794893.846154
790289.230769
790056.923077
884995.384615
788538.461538
884912.307692
841464.615385
883166.153846
837343.076923
887616.923077
821478.461538
870990.769231
797926.153846
815456.923077
787300.000000
881284.615385
789783.076923
820821.538462
792347.692308
842256.923077
839453.846154
881990.769231
795016.923077
816927.692308
879215.384615
823473.846154
839429.230769
791853.846154
873175.384615
792801.538462
791741.538462
792329.230769
938332.307692
822052.307692
839780.000000
788467.692308
829980.000000
885227.692308
876660.000000
789146.153846
881376.923077
787424.615385
961896.923077
819475.384615
842967.692308
793015.384615
792223.076923
839786.153846
791164.615385
817730.769231
789300.000000
787221.538462
855838.461538
823129.230769
882509.230769
793223.076923
790110.769231
878347.692308
791278.461538
817038.461538
942026.153846
790126.153846
873041.538462
875507.692308
792043.076923
878120.000000
818966.153846
888893.846154
887023.076923
791992.307692
792110.769231
873198.461538
881164.615385
821169.230769
789316.923077
871147.692308
874573.846154
966620.000000
822743.076923
817286.153846
792387.692308
881773.846154
790524.615385
841561.538462
788766.153846
841170.769231
837175.384615
904992.307692
791549.230769
820930.769231
887744.615385
791221.538462
867598.461538
791860.000000
823906.153846
839535.384615
793869.230769
838560.000000
828821.538462
787086.153846
792713.846154
838178.461538
788709.230769
823884.615385
828529.230769
881001.538462
791203.076923
788469.230769
932915.384615
878820.000000
834936.923077
787850.769231
885381.538462
787256.923077
884141.538462
817463.076923
820793.846154
828886.153846
842220.000000
793218.461538
789335.384615
814293.846154
826446.153846
911667.692308
792090.769231
881704.615385
791241.538462
825167.692308
816652.307692
817155.384615
887492.307692
791921.538462
876100.000000
814067.692308
873436.923077
830141.538462
871184.615385
787689.230769
789438.461538
840943.076923
880826.153846
871850.769231
883850.769231
789230.769231
787130.769231
786024.615385
847398.461538
883100.000000
789686.153846
875160.000000
869509.230769
792523.076923
873483.076923
875920.000000
786835.384615
829912.307692
790550.769231
883584.615385
790626.153846
792496.923077
838427.692308
881326.153846
782406.153846
811887.692308
812504.615385
874663.076923
818067.692308
883247.692308
828153.846154
790163.076923
882381.538462
883546.153846
791667.692308
790221.538462
885506.153846
789960.000000
834595.384615
792660.000000
878440.000000
788260.000000
927996.923077
877323.076923
792910.769231
827781.538462
786763.076923
794060.000000
791612.307692
785709.230769
782887.692308
790447.692308
786529.230769
838880.000000
888749.230769
882118.461538
794033.846154
788512.307692
879176.923077
884083.076923
796740.000000
789652.307692
838541.538462
879593.846154
789310.769231
851896.923077
881498.461538
788689.230769
792226.153846
839572.307692
882109.230769
880203.076923
838801.538462
839956.923077
884249.230769
887575.384615
897675.384615
790956.923077
790324.615385
837664.615385
835872.307692
787056.923077
791783.076923
872555.384615
794738.461538
815366.153846
839095.384615
850283.076923
828747.692308
880960.000000
791335.384615
872073.846154
883533.846154
886004.615385
848069.230769
887941.538462
837370.769231
789286.153846
883318.461538
826038.461538
786772.307692
816423.076923
839818.461538
790415.384615
865236.923077
876226.153846
788166.153846
787653.846154
840764.615385
815490.769231
788667.692308
790743.076923
877426.153846
836503.076923
956721.538462
887040.000000
791613.846154
881246.153846
787192.307692
841133.846154
880573.846154
789553.846154
886184.615385
842075.384615
791900.000000
888586.153846
841876.923077
791093.846154
791855.384615
792815.384615
874320.000000
791727.692308
786976.923077
895000.000000
791595.384615
791072.307692
790084.615385
791895.384615
879009.230769
789952.307692
886256.923077
789832.307692
889676.923077
793689.230769
840655.384615
785626.153846
789198.461538
850924.615385
846316.923077
825230.769231
882258.461538
870032.307692
878123.076923
788075.384615
793356.923077
790347.692308
821440.000000
882895.384615
929804.615385
830952.307692
883118.461538
789649.230769
791944.615385
839338.461538
824320.000000
792413.846154
795918.461538
881015.384615
817455.384615
790578.461538
835349.230769
879796.923077
884450.769231
838110.769231
938213.846154
792304.615385
883061.538462
788344.615385
789807.692308
839673.846154
784933.846154
788581.538462
787392.307692
883390.769231
888813.846154
882892.307692
817561.538462
789183.076923
825821.538462
794260.000000
836400.000000
872133.846154
789236.923077
839416.923077
794316.923077
841987.692308
822013.846154
885809.230769
792546.153846
789998.461538
794996.923077
887201.538462
877860.000000
817449.230769
881133.846154
790003.076923
790416.923077
877616.923077
881172.307692
817132.307692
792138.461538
867181.538462
792712.307692
824260.000000
788312.307692
827515.384615
844012.307692
827675.384615
791276.923077
822523.076923
853995.384615
879616.923077
886620.000000
885147.692308
814664.615385
881453.846154
787570.769231
876710.769231
851923.076923
790558.461538
843650.769231
839929.230769
788816.923077
827415.384615
884756.923077
790269.230769
972921.538462
790466.153846
831206.153846
884960.000000
869946.153846
882344.615385
816021.538462
831833.846154
794370.769231
826253.846154
883380.000000
880660.000000
786233.846154
835716.923077
942103.076923
788927.692308
884506.153846
788118.461538
786407.692308
877992.307692
791526.153846
884190.769231
786586.153846
885689.230769
950020.000000
784603.076923
791621.538462
877638.461538
828510.769231
789113.846154
826716.923077
790200.000000
798307.692308
791547.692308
790470.769231
879576.923077
829152.307692
790598.461538
883027.692308
924863.076923
818036.923077
841607.692308
788927.692308
790023.076923
791901.538462
841496.923077
787147.692308
895410.769231
891221.538462
816073.846154
793684.615385
789046.153846
912767.692308
819670.769231
882421.538462
787801.538462
786280.000000
792487.692308
825092.307692
879380.000000
877983.076923
840167.692308
789193.846154
791872.307692
796266.153846
819620.000000
837344.615385
829427.692308
793921.538462
874389.230769
822360.000000
841269.230769
786481.538462
790480.000000
819420.000000
794426.153846
880904.615385
866484.615385
792644.615385
882395.384615
788204.615385
871926.153846
788527.692308
826396.923077
819872.307692
787904.615385
788786.153846
786943.076923
787301.538462
881126.153846
789480.000000
880160.000000
857947.692308
820923.076923
871060.000000
788313.846154
792858.461538
792415.384615
816767.692308
787070.769231
879452.307692
902809.230769
791666.153846
791080.000000
786320.000000
821470.769231
818507.692308
839746.153846
789580.000000
789013.846154
834300.000000
827818.461538
887464.615385
791930.769231
826829.230769
788850.769231
788250.769231
789455.384615
817710.769231
865863.076923
876293.846154
819572.307692
816838.461538
786932.307692
789052.307692
791615.384615
789938.461538
785132.307692
834567.692308
883918.461538
785906.153846
814720.000000
791641.538462
789483.076923
879904.615385
790298.461538
857190.769231
876772.307692
785636.923077
790900.000000
870223.076923
881523.076923
787444.615385
785746.153846
886243.076923
793083.076923
788761.538462
876136.923077
835507.692308
886016.923077
825664.615385
789304.615385
784006.153846
789576.923077
880196.923077
789573.846154
792655.384615
800592.307692
877366.153846
841244.615385
875275.384615
786246.153846
791506.153846
872646.153846
791816.923077
840049.230769
889686.153846
842836.923077
823801.538462
790850.769231
843255.384615
791930.769231
919441.538462
885555.384615
793326.153846
838881.538462
872441.538462
785741.538462
934047.692308
876506.153846
826644.615385
815167.692308
788176.923077
815783.076923
814038.461538
791650.769231
795850.769231
790312.307692
872772.307692
791118.461538
884272.307692
887343.076923
822804.615385
793335.384615
796638.461538
839040.000000
793127.692308
