342895.844000
343111.345000
-656921.194000
342381.816000
342928.475000
-657216.838000
342592.911000
-657564.855000
343736.987000
343074.750000
-656545.922000
342824.975000
342784.000000
-657704.783000
342759.830000
342715.546000
-657390.077000
342615.363000
344918.594000
-657339.633000
342474.346000
343797.554000
-657561.879000
342462.512000
-656998.635000
342538.953000
343340.496000
-657541.750000
342380.391000
342614.827000
-656401.233000
342407.877000
343488.467000
-657253.961000
342437.404000
342832.079000
-657038.408000
342410.659000
343492.923000
342377.274000
342223.437000
-657384.016000
343294.565000
342788.174000
-655906.652000
342491.288000
342596.874000
-657156.763000
342633.422000
-657070.180000
342289.731000
342724.087000
-656896.523000
341738.665000
343337.361000
-658032.932000
342264.186000
343010.605000
-657650.644000
342766.011000
343388.567000
-657199.794000
342772.605000
-656866.412000
342328.818000
342156.929000
-656971.475000
342734.697000
342653.788000
-657053.226000
343139.779000
342739.924000
-656872.738000
342241.136000
342801.615000
-657489.838000
342374.560000
342610.726000
-657102.600000
343114.154000
-656228.985000
342747.965000
342562.520000
-657587.117000
342225.497000
342417.896000
-657167.868000
342976.426000
343071.766000
-657521.424000
342596.794000
342133.489000
-657914.669000
342335.863000
342746.602000
-657369.624000
342263.189000
-657442.902000
342171.305000
342288.054000
-657189.773000
343246.196000
342436.385000
-657600.945000
344193.781000
342393.262000
-657029.358000
342921.262000
343544.913000
-657022.401000
344160.747000
343014.196000
342878.594000
342238.069000
-656661.049000
342265.829000
342231.644000
-656979.173000
342528.442000
342958.937000
-657257.497000
343775.252000
343158.361000
-657095.488000
342102.581000
342341.652000
-657433.974000
343022.353000
-656578.411000
342929.090000
342665.404000
-657218.192000
343038.728000
344336.555000
-656107.709000
342271.869000
342753.771000
-658063.185000
342387.825000
342696.102000
-657324.498000
342650.631000
342627.321000
-657519.525000
343023.263000
-657082.085000
343959.079000
342516.509000
-656712.659000
341900.803000
342565.048000
-657650.038000
342748.328000
342879.625000
-657085.221000
342405.010000
343285.492000
-657260.973000
342237.940000
342825.787000
342382.400000
342184.317000
-657440.284000
342782.414000
343195.210000
-657501.506000
342812.655000
342435.946000
342665.579000
341989.025000
-656922.298000
342540.455000
342451.376000
-657147.034000
342721.075000
342720.906000
-656967.010000
342808.034000
343647.411000
-656972.120000
342711.358000
344178.805000
-657161.695000
342702.936000
-656667.692000
341910.317000
342696.321000
-657509.390000
342827.092000
342590.200000
-656881.504000
342501.318000
342652.671000
-657650.936000
342537.171000
342601.200000
-657084.565000
342030.134000
343225.854000
-656820.734000
342391.855000
-657702.537000
342720.379000
342450.899000
-656610.387000
343693.334000
342945.909000
-657327.765000
343195.829000
342885.837000
-656987.121000
342393.421000
343155.197000
-657346.646000
342845.271000
342821.320000
-656139.316000
342656.803000
-656438.228000
342485.564000
342282.678000
-657950.444000
343238.193000
342501.223000
-657444.152000
342388.643000
343394.610000
-657293.377000
342655.739000
342456.777000
-657227.650000
342470.820000
343240.445000
343713.377000
342215.887000
-657252.103000
343588.499000
342170.157000
-657726.866000
342707.118000
342710.306000
-657623.643000
342387.853000
344124.239000
-657566.960000
342576.224000
342493.269000
-657081.190000
342656.265000
-657093.064000
342623.985000
342185.038000
-657775.519000
342795.803000
344240.597000
-656959.930000
342962.497000
343302.612000
-656795.159000
344178.799000
342772.697000
-657413.881000
342531.645000
343295.661000
-657487.841000
342621.342000
-657140.865000
342112.319000
342541.734000
-657035.829000
342637.028000
342975.008000
-657205.010000
342851.619000
-656339.020000
342268.946000
342447.044000
-657632.785000
343871.835000
342398.982000
-657666.810000
342673.059000
343057.892000
-656059.970000
342294.904000
342445.382000
-657413.687000
341999.866000
-656959.034000
342666.813000
342740.721000
-657528.251000
342512.497000
342428.717000
-657066.239000
343339.154000
343489.620000
-655416.272000
342187.062000
342505.420000
-657607.077000
342727.792000
344542.715000
-656942.154000
342755.715000
-656832.749000
342554.624000
342253.599000
-657475.493000
342786.550000
342612.853000
-656343.977000
342956.564000
343330.388000
-657334.670000
342482.125000
342474.857000
-656210.144000
343492.187000
343845.850000
-655437.611000
342730.090000
-655436.008000
342638.403000
342784.712000
-656393.442000
342914.102000
342921.383000
-656819.122000
342499.946000
343287.978000
-657597.394000
342539.559000
342221.216000
-657307.541000
342211.776000
343602.398000
342353.166000
342105.913000
-657944.112000
342419.730000
342087.252000
-656832.504000
342767.494000
343226.832000
-657132.437000
342784.716000
342199.723000
-657320.612000
343273.643000
343691.423000
-657191.287000
342915.503000
-657385.886000
342532.060000
342601.476000
-656681.495000
342397.059000
342548.599000
-657718.137000
342959.032000
343006.457000
-656873.212000
342947.626000
343802.412000
-657000.949000
342772.095000
342556.842000
-657415.927000
343005.685000
-656162.433000
342383.443000
342366.489000
-657248.946000
344235.473000
342369.526000
-657162.520000
342775.497000
342496.457000
-656933.773000
342611.276000
343393.031000
-657224.702000
343031.544000
-656665.322000
342296.510000
342678.296000
-657357.624000
342152.044000
343084.360000
-657433.244000
342480.361000
-657147.756000
342605.877000
344182.002000
-656586.165000
342779.528000
343322.440000
-656983.943000
342881.708000
343340.394000
-656822.439000
342728.011000
343120.665000
-657238.770000
342506.057000
343091.492000
-657140.360000
342346.424000
-656739.487000
342617.280000
342372.547000
-656801.347000
342442.902000
342545.765000
-656413.874000
342507.854000
343186.761000
-657093.313000
342356.842000
342563.039000
-657475.078000
342278.578000
342923.057000
-657320.719000
342640.169000
-657445.798000
342264.780000
342366.885000
-657360.323000
342918.075000
342609.036000
-657316.889000
342489.281000
342793.784000
-657343.151000
342089.230000
343070.422000
-657445.988000
343564.973000
343340.077000
342689.518000
342599.971000
-656653.197000
342545.500000
342246.238000
-657328.034000
342342.873000
342290.275000
-657689.940000
343398.632000
343717.547000
-657135.736000
341983.512000
342324.415000
-656083.472000
343000.156000
-656978.133000
342580.325000
342561.796000
-656426.252000
343064.384000
343225.475000
-656724.142000
342078.063000
342544.544000
-657420.834000
342302.737000
343347.287000
-657129.787000
342544.227000
342734.651000
-657761.654000
343208.826000
-656157.245000
342858.646000
342994.775000
-656596.602000
342797.220000
342755.971000
-657308.356000
342501.303000
342559.381000
-657416.573000
343917.417000
343047.634000
-657418.379000
342927.385000
343255.778000
342834.492000
342841.532000
-656556.420000
342556.242000
343222.679000
-657384.437000
342527.110000
-656484.247000
342797.840000
342888.006000
-657396.705000
342571.008000
342344.371000
-657070.433000
342712.875000
342912.896000
-657176.969000
342186.809000
343297.080000
-657806.969000
343319.661000
342460.053000
-656875.960000
342964.155000
-656374.554000
342532.897000
342718.171000
-657157.526000
343005.916000
342607.578000
-654979.953000
343796.914000
344460.150000
-657334.190000
343089.945000
342521.032000
-656758.010000
342312.485000
344469.409000
-657837.575000
343174.300000
-657057.205000
342798.240000
342335.729000
-657350.159000
342787.221000
342845.710000
-657116.704000
341980.616000
342962.863000
-657387.277000
343864.620000
342431.330000
-656796.713000
342605.941000
-656685.809000
342185.889000
342427.727000
-657539.495000
342193.182000
342238.576000
-657574.322000
342326.073000
342578.766000
-657159.416000
342642.474000
343160.072000
-657597.289000
343305.621000
343518.206000
-657123.948000
342717.115000
-657241.508000
342654.890000
342576.516000
-656116.857000
342431.434000
343090.656000
-656006.465000
343091.431000
343007.340000
-656874.111000
342361.125000
343191.214000
-655944.483000
342972.137000
342652.723000
-656948.219000
342295.947000
-656741.413000
342202.514000
342897.992000
-657917.933000
342585.929000
342555.101000
-657328.310000
342612.948000
343548.702000
-657385.508000
342698.438000
342641.135000
-656565.128000
342438.305000
343108.705000
342377.957000
342637.548000
-657519.614000
342097.516000
342136.600000
-657030.457000
341986.502000
343546.991000
-657251.004000
342570.174000
342208.948000
-657278.691000
343822.333000
344939.785000
-657536.863000
342926.047000
-657025.989000
342452.306000
341933.702000
-656835.002000
342375.068000
342396.077000
-657526.614000
342535.854000
342275.965000
-657148.997000
342468.429000
345240.865000
-657638.834000
342343.972000
342085.722000
-657123.462000
342188.258000
-657125.819000
342400.130000
344136.383000
-657532.808000
344260.526000
342514.128000
-657103.923000
342569.418000
343204.500000
-657854.387000
342738.838000
342438.567000
-657404.339000
342581.768000
342680.976000
-657022.697000
342582.760000
-657356.021000
343813.293000
343692.540000
-656836.975000
342142.317000
342450.992000
-656812.072000
342203.789000
343533.803000
-657426.342000
342755.426000
342599.347000
-656954.222000
342715.696000
-656542.232000
343856.586000
342602.837000
-657423.392000
342864.966000
343045.714000
-656317.725000
342884.960000
343427.478000
-657291.476000
342734.946000
342073.306000
-657239.411000
342696.844000
343572.207000
-657795.590000
342537.365000
-657554.522000
342707.481000
342549.193000
-654933.805000
342816.144000
343092.963000
-655916.516000
342468.204000
342268.503000
-657110.787000
342603.843000
342351.005000
-657166.468000
342998.857000
343768.265000
-657122.221000
342978.281000
-657090.532000
342506.451000
342901.188000
-656708.394000
342841.910000
343063.532000
-656842.956000
342732.282000
342487.971000
-657234.330000
342666.314000
343425.678000
-657057.925000
342331.784000
-657194.829000
342895.872000
343083.443000
-656376.433000
342756.008000
342820.458000
-657244.035000
352797.737000
343247.593000
-657501.537000
342163.843000
343137.127000
-657694.010000
343691.836000
343527.437000
342909.466000
342941.244000
-657860.883000
343775.009000
342471.844000
-657455.631000
342515.928000
342992.424000
-657111.298000
342431.930000
-657562.116000
342760.288000
342930.259000
-656597.377000
342695.124000
342930.158000
-656028.539000
342614.779000
342831.698000
-657103.575000
342445.798000
342958.863000
-657499.190000
342745.355000
-657280.666000
342434.751000
342840.741000
-656784.709000
342268.393000
344062.182000
-657433.966000
342744.826000
342886.548000
-657326.199000
342769.252000
343593.881000
-656774.974000
342513.928000
342660.887000
-657341.304000
342889.918000
-657127.292000
342580.187000
344536.718000
-656093.546000
342338.021000
342489.730000
-657591.062000
342540.405000
342872.459000
-657067.980000
342346.483000
342939.897000
-657371.268000
341991.257000
342359.024000
-657869.684000
342508.408000
-657121.966000
342907.912000
342307.642000
-657291.829000
342291.134000
342339.808000
-656796.854000
343373.921000
343527.030000
-657181.163000
344024.609000
343305.027000
-657553.255000
342883.139000
343165.927000
342716.811000
342746.510000
-657163.225000
342715.694000
342398.422000
-657483.961000
342668.666000
342778.372000
-657204.422000
343038.387000
343115.050000
-655388.115000
342270.417000
342848.219000
-657591.726000
344121.177000
-657644.887000
342329.990000
343052.861000
-656523.078000
343132.222000
343114.570000
-656914.707000
342516.950000
342519.278000
-657087.602000
342576.267000
343478.177000
-657476.463000
342315.623000
341918.021000
-657628.883000
344255.745000
-656545.413000
342930.619000
342642.446000
-657009.355000
342191.924000
342585.159000
-657523.618000
342631.587000
-657415.825000
343065.569000
342595.419000
-655989.277000
342116.030000
342291.417000
-658143.511000
342175.893000
341625.993000
-657919.275000
342549.153000
343355.785000
-657549.144000
342496.112000
342172.458000
342922.939000
342829.935000
-656306.709000
341957.272000
342473.942000
-656860.993000
344094.963000
342598.578000
-657073.350000
342148.433000
343477.955000
-657735.808000
342589.206000
342845.037000
-657036.380000
342575.052000
-656545.879000
342637.407000
343035.177000
-657255.201000
342549.854000
342385.994000
-656578.609000
342594.274000
343503.793000
-657201.062000
342617.874000
342324.651000
-656507.047000
342223.059000
343203.192000
-657419.700000
342387.474000
-657916.503000
342639.597000
342270.915000
-656419.800000
342201.957000
342707.620000
-656163.842000
342432.278000
342339.969000
-657285.353000
342420.231000
343101.492000
-657848.000000
343196.725000
342514.912000
-657063.162000
342114.920000
-657101.369000
342598.634000
343141.678000
-657184.712000
342910.302000
342286.383000
-657250.977000
342187.218000
343527.631000
-657522.199000
342612.708000
342659.197000
-656871.929000
342283.565000
-656381.104000
342573.947000
342957.497000
-657115.914000
342408.917000
342542.156000
-656588.301000
342521.193000
343483.620000
-657453.284000
342524.528000
342249.728000
-657140.388000
342700.906000
342950.044000
-657309.470000
342081.562000
-657726.546000
343772.778000
343436.527000
-656272.579000
342203.216000
342481.737000
-656779.186000
342634.351000
344293.348000
-656725.487000
342072.017000
343562.022000
-657559.559000
342871.360000
-656296.772000
342216.709000
342946.191000
-656612.697000
342919.029000
342827.852000
-657297.476000
342394.283000
343699.399000
344123.053000
342643.468000
-657596.194000
342349.181000
342451.930000
-655691.757000
342597.532000
343231.875000
-657386.292000
343014.356000
342594.431000
-656800.457000
342309.780000
343092.575000
-657282.617000
342054.482000
-656817.750000
342399.520000
342373.935000
-657634.206000
342914.269000
342641.034000
-656337.568000
342362.769000
343225.205000
-657629.013000
343899.119000
342575.366000
-657113.221000
342830.243000
343783.621000
-657431.958000
342661.108000
-657763.178000
342506.156000
342347.710000
-656977.468000
342288.540000
342448.576000
-657997.362000
343228.531000
342690.192000
-657453.287000
342370.089000
342262.555000
-657599.070000
343175.094000
343398.010000
-657347.532000
342482.143000
-657749.273000
342309.458000
342631.487000
-656694.902000
342631.643000
342676.908000
-657294.589000
342240.062000
342142.787000
-657602.407000
342742.823000
343653.764000
-655731.326000
342741.085000
342596.431000
342650.145000
342489.137000
-656697.736000
342333.756000
342326.778000
-657053.543000
342539.722000
342206.825000
-657263.660000
342379.695000
342748.229000
-656501.345000
342811.784000
342515.156000
-657261.694000
342591.771000
-656759.583000
343341.222000
343244.907000
-657043.337000
342796.353000
342835.468000
-656661.757000
342632.643000
343677.340000
-657468.210000
342479.549000
342703.223000
-655676.285000
342860.074000
342936.724000
-657274.374000
343062.806000
-656117.346000
343071.581000
343283.677000
-657119.212000
344710.803000
343304.129000
-656983.315000
344297.739000
-656628.067000
342927.244000
342760.464000
-657144.563000
342490.290000
343163.472000
-657599.929000
343016.374000
345181.843000
-656845.073000
342544.125000
343675.343000
-657516.842000
342982.168000
-656228.003000
342698.444000
342495.694000
-656111.390000
342524.374000
342759.036000
-656029.019000
342699.850000
343373.139000
-655775.351000
342913.272000
342692.570000
-656953.749000
342989.371000
343500.719000
-656878.652000
343859.302000
-655785.117000
342668.763000
342477.693000
-656682.403000
343146.545000
343240.731000
-656578.423000
342924.788000
343123.163000
-657209.296000
342599.855000
342298.783000
-657530.938000
342886.425000
343373.157000
-657289.097000
342469.281000
-657307.304000
342643.803000
342794.362000
-656735.770000
342413.542000
342632.015000
-657526.187000
342263.934000
342265.596000
-657687.072000
342753.676000
343048.947000
-657375.810000
342484.662000
342756.494000
342421.883000
342221.463000
-656589.442000
342001.512000
342679.905000
-657381.576000
343018.409000
343558.982000
-656318.879000
342762.454000
343178.958000
-657565.310000
343315.736000
342837.609000
-655423.220000
342246.137000
-657085.886000
342791.504000
342607.553000
-657338.098000
342714.100000
342827.428000
-656650.418000
342780.661000
343281.735000
-657118.871000
342699.768000
342551.353000
-657514.401000
343130.671000
343277.947000
-657186.890000
342631.117000
-655986.831000
342423.966000
342818.046000
-656762.915000
342975.146000
342457.115000
-657294.353000
342621.446000
342094.264000
-657669.413000
342777.319000
343409.220000
-656741.826000
342601.763000
342711.851000
-657489.807000
342035.512000
-657280.162000
342088.409000
342452.404000
-656854.919000
343848.662000
343411.475000
342505.753000
342652.321000
-657720.479000
343232.313000
343142.364000
-656274.527000
342038.617000
343374.672000
-657887.149000
342932.894000
342675.367000
-656894.542000
342745.558000
342755.282000
-656974.860000
342608.037000
-655304.634000
343059.849000
343034.519000
-656792.743000
342471.826000
342399.400000
-656712.709000
342783.888000
343165.934000
-657293.036000
342781.820000
343264.455000
-657410.927000
342587.538000
342624.246000
-655268.880000
342844.126000
-656498.669000
342042.014000
342238.838000
-657430.742000
342528.519000
342563.326000
-655127.364000
342370.105000
342985.411000
-657369.612000
342976.337000
342674.312000
-657037.168000
342472.613000
343116.062000
-657372.745000
342688.789000
-657751.971000
342579.359000
342284.687000
-656747.832000
342403.661000
342469.709000
-656943.929000
342377.372000
342478.841000
-657762.088000
342478.269000
343168.118000
-657556.205000
342715.118000
342605.341000
342793.895000
342511.900000
-657059.595000
342641.354000
342546.547000
-657682.835000
342630.601000
342754.507000
-657655.444000
342079.075000
342993.824000
-657565.719000
342144.813000
342151.664000
-657908.185000
342568.021000
-656623.243000
342571.864000
342861.379000
-657252.333000
342589.108000
342406.601000
-657286.106000
342588.200000
341860.175000
-657814.867000
343360.281000
343849.789000
-656773.675000
342419.267000
342098.747000
-657597.781000
344853.002000
-656121.620000
342819.526000
342500.097000
-657464.401000
342944.327000
342397.224000
-656749.798000
342140.969000
343120.554000
-657826.945000
342924.398000
342585.159000
-656988.318000
342439.194000
343127.933000
-657153.901000
342835.661000
-656746.484000
342394.594000
342405.729000
-657637.379000
342586.089000
342659.526000
342427.908000
342710.487000
-656902.363000
342419.465000
342355.246000
-657555.276000
342450.318000
342509.515000
-657120.935000
342236.462000
343199.149000
-657396.333000
342544.156000
342641.659000
-657189.105000
342973.786000
-656632.910000
342693.788000
342608.179000
-657380.929000
344019.154000
342298.974000
-657035.531000
342690.767000
342913.570000
-657264.854000
342972.392000
343864.041000
-657184.194000
342183.754000
342307.537000
-657781.808000
342673.105000
-656863.805000
342310.208000
342593.308000
-657294.091000
342884.601000
342909.797000
-656332.349000
342562.199000
343085.003000
-657679.401000
342273.190000
344044.690000
-657674.548000
342406.489000
343064.301000
-657399.487000
342684.693000
-657290.497000
342278.322000
342772.076000
-656898.016000
342927.792000
342585.606000
-656943.031000
342785.061000
343339.425000
-657156.397000
342560.433000
342431.908000
-657338.304000
342693.859000
-656827.740000
342821.747000
342409.637000
-657697.349000
342581.473000
342552.882000
-657105.033000
342639.243000
342922.801000
-657334.738000
343137.622000
342635.373000
-657185.007000
342707.254000
343065.892000
-657504.494000
342743.266000
-657185.804000
342465.035000
342896.493000
-656244.930000
342282.232000
342663.638000
-657215.623000
353143.714000
343567.481000
-657177.391000
342620.018000
342325.695000
-657028.149000
342083.843000
343215.275000
-656352.901000
342220.708000
-657491.395000
343533.763000
342683.468000
-656258.404000
342133.889000
342507.097000
342974.544000
342642.274000
-657436.834000
342129.824000
342088.257000
-655622.521000
342865.785000
343612.988000
-657181.416000
342326.731000
342399.997000
-657345.495000
342114.984000
342893.431000
-657609.283000
342021.481000
-658103.382000
342651.225000
342083.454000
-657462.706000
342485.007000
342236.318000
-657084.929000
342432.189000
343160.266000
-657705.734000
343552.092000
343142.480000
-656911.197000
342307.208000
342729.134000
-657429.903000
344070.699000
-657201.971000
342441.678000
342543.823000
-656733.456000
341965.533000
342259.798000
-657839.006000
342174.708000
342507.777000
-657293.236000
342132.655000
343034.424000
-657597.701000
342305.436000
342503.054000
-657827.692000
342297.497000
-657097.175000
342676.945000
343144.333000
-656514.013000
342651.357000
342533.627000
-657232.069000
342566.399000
343509.934000
-657179.539000
342702.127000
342441.311000
-657368.333000
342529.001000
-656553.860000
342979.599000
342951.124000
-657272.020000
342766.285000
342621.585000
-656834.796000
341938.474000
342617.495000
-657902.195000
343042.501000
342568.248000
-657184.860000
343462.814000
342796.746000
-657797.846000
342303.564000
-657808.384000
342948.444000
342728.124000
-656159.254000
342872.348000
343584.459000
-655690.575000
341954.388000
342411.182000
-657699.328000
342693.346000
343797.021000
-656942.788000
342670.579000
343136.161000
-657066.996000
