84890.000000
84508.000000
85694.000000
85571.000000
84204.000000
84007.000000
84180.000000
83656.000000
84912.000000
84148.000000
84872.000000
86822.000000
84740.000000
85091.000000
83392.000000
85281.000000
84648.000000
85337.000000
85042.000000
84404.000000
84595.000000
84214.000000
83450.000000
83029.000000
86623.000000
84257.000000
83146.000000
85453.000000
85105.000000
84657.000000
86223.000000
84152.000000
86078.000000
83487.000000
85216.000000
84125.000000
84210.000000
84309.000000
88804.000000
84564.000000
85518.000000
84330.000000
84078.000000
85832.000000
85115.000000
84669.000000
83727.000000
88118.000000
84091.000000
85428.000000
84783.000000
84605.000000
85623.000000
85235.000000
83773.000000
86441.000000
169959.000000
85256.000000
84445.000000
84650.000000
83976.000000
83604.000000
84888.000000
84758.000000
84201.000000
84343.000000
85130.000000
83949.000000
84678.000000
84447.000000
83743.000000
85558.000000
83970.000000
84927.000000
84235.000000
86949.000000
84534.000000
84968.000000
84493.000000
83675.000000
85478.000000
84367.000000
84530.000000
84663.000000
84912.000000
84782.000000
84512.000000
84321.000000
83958.000000
84586.000000
84943.000000
84730.000000
84690.000000
84315.000000
84945.000000
83330.000000
83136.000000
83604.000000
84127.000000
84528.000000
83847.000000
83234.000000
86158.000000
83275.000000
83500.000000
85582.000000
84217.000000
85438.000000
84445.000000
84515.000000
84650.000000
83087.000000
84081.000000
83435.000000
82767.000000
84124.000000
84099.000000
84656.000000
84764.000000
83561.000000
82908.000000
83746.000000
83828.000000
85133.000000
84986.000000
84654.000000
87702.000000
85026.000000
83503.000000
83259.000000
83635.000000
84355.000000
84198.000000
83155.000000
84629.000000
83887.000000
85038.000000
84724.000000
84392.000000
83835.000000
84789.000000
85122.000000
84521.000000
84312.000000
84570.000000
86478.000000
84608.000000
84023.000000
83940.000000
84401.000000
85921.000000
84404.000000
85238.000000
84506.000000
82989.000000
86045.000000
83004.000000
84426.000000
83687.000000
88266.000000
83989.000000
83687.000000
84020.000000
83330.000000
86647.000000
84893.000000
84706.000000
86041.000000
84912.000000
85635.000000
82927.000000
84235.000000
85087.000000
84965.000000
83687.000000
84979.000000
83650.000000
83586.000000
85128.000000
82823.000000
85706.000000
83770.000000
84564.000000
84982.000000
86749.000000
84567.000000
83900.000000
84182.000000
85438.000000
84626.000000
85339.000000
84251.000000
86035.000000
84284.000000
83823.000000
83764.000000
83924.000000
84345.000000
84318.000000
83377.000000
84358.000000
84011.000000
84715.000000
83786.000000
84623.000000
84451.000000
87857.000000
83308.000000
84656.000000
85232.000000
83758.000000
86026.000000
84198.000000
84340.000000
82909.000000
84647.000000
84389.000000
84570.000000
83888.000000
83845.000000
86145.000000
84275.000000
84601.000000
85020.000000
85570.000000
84189.000000
84665.000000
84232.000000
85659.000000
84324.000000
84097.000000
85679.000000
83850.000000
85016.000000
84031.000000
83890.000000
84327.000000
83841.000000
83475.000000
84254.000000
83644.000000
84641.000000
85429.000000
83666.000000
86278.000000
84601.000000
85057.000000
85081.000000
83145.000000
84325.000000
84967.000000
85946.000000
85131.000000
84881.000000
84201.000000
85053.000000
84835.000000
83795.000000
87703.000000
85475.000000
84847.000000
85896.000000
84795.000000
85890.000000
84044.000000
85056.000000
85819.000000
84807.000000
84087.000000
83727.000000
83231.000000
84087.000000
83272.000000
82810.000000
84764.000000
85967.000000
83868.000000
85063.000000
84023.000000
83952.000000
84038.000000
83201.000000
85811.000000
83709.000000
83764.000000
84884.000000
84884.000000
85007.000000
84506.000000
84740.000000
84955.000000
84220.000000
84552.000000
83982.000000
83968.000000
85026.000000
84540.000000
85121.000000
85290.000000
84860.000000
87065.000000
84339.000000
83610.000000
83976.000000
84881.000000
85564.000000
84639.000000
83438.000000
85974.000000
84214.000000
85469.000000
85472.000000
84235.000000
83918.000000
83589.000000
83475.000000
85121.000000
83595.000000
84641.000000
86395.000000
85207.000000
84097.000000
84838.000000
86884.000000
85829.000000
83137.000000
84500.000000
84167.000000
83228.000000
85032.000000
82737.000000
85361.000000
85179.000000
83942.000000
84318.000000
83927.000000
84333.000000
83521.000000
87728.000000
84469.000000
85912.000000
146144.000000
84595.000000
84890.000000
84973.000000
86088.000000
86690.000000
84663.000000
85254.000000
83398.000000
84306.000000
83792.000000
84798.000000
83739.000000
85429.000000
85177.000000
84795.000000
82946.000000
84407.000000
84484.000000
87567.000000
83321.000000
84472.000000
84506.000000
84158.000000
84730.000000
85552.000000
82786.000000
84481.000000
83927.000000
85025.000000
84915.000000
84690.000000
85783.000000
84459.000000
83983.000000
84509.000000
84663.000000
85435.000000
85321.000000
85930.000000
84441.000000
84450.000000
84903.000000
85571.000000
82755.000000
82669.000000
84823.000000
84056.000000
84564.000000
84004.000000
83955.000000
84303.000000
85065.000000
85705.000000
84764.000000
83887.000000
85306.000000
86974.000000
83946.000000
85179.000000
84029.000000
83348.000000
84780.000000
84410.000000
84472.000000
84721.000000
85795.000000
85386.000000
84638.000000
85207.000000
84367.000000
84395.000000
84257.000000
83305.000000
85142.000000
83985.000000
84487.000000
83198.000000
84933.000000
84499.000000
83524.000000
83976.000000
84140.000000
84127.000000
84537.000000
84703.000000
84222.000000
85355.000000
85484.000000
85284.000000
85413.000000
84404.000000
84648.000000
85936.000000
83585.000000
86066.000000
85490.000000
85044.000000
85352.000000
84548.000000
84450.000000
85124.000000
84493.000000
84599.000000
86528.000000
84333.000000
84685.000000
85038.000000
84930.000000
85573.000000
84952.000000
85118.000000
86875.000000
84703.000000
83441.000000
84069.000000
83521.000000
84727.000000
83641.000000
84186.000000
84475.000000
84355.000000
85284.000000
84223.000000
84740.000000
83842.000000
84642.000000
84081.000000
84905.000000
83622.000000
84361.000000
88244.000000
83435.000000
84890.000000
82912.000000
84275.000000
85297.000000
83318.000000
85878.000000
84863.000000
85315.000000
85900.000000
84102.000000
83256.000000
83878.000000
84063.000000
84032.000000
82820.000000
82576.000000
83174.000000
84432.000000
86383.000000
83924.000000
85195.000000
84137.000000
86853.000000
83925.000000
83758.000000
84755.000000
84057.000000
84635.000000
86183.000000
85469.000000
85088.000000
84133.000000
84010.000000
85145.000000
85666.000000
84336.000000
84287.000000
84352.000000
84413.000000
84613.000000
84884.000000
86232.000000
83521.000000
84078.000000
85405.000000
84198.000000
84832.000000
82151.000000
84752.000000
84469.000000
84986.000000
84540.000000
85054.000000
83952.000000
83491.000000
84534.000000
83389.000000
84324.000000
84866.000000
83561.000000
83678.000000
84358.000000
84878.000000
83423.000000
84078.000000
85398.000000
84287.000000
84635.000000
84564.000000
88534.000000
83949.000000
83842.000000
85653.000000
85136.000000
87017.000000
83722.000000
84958.000000
83872.000000
82748.000000
86389.000000
83484.000000
84657.000000
84435.000000
84598.000000
84478.000000
85220.000000
84595.000000
84690.000000
85743.000000
83943.000000
88808.000000
85967.000000
84005.000000
84967.000000
84579.000000
85088.000000
83860.000000
83715.000000
84137.000000
84856.000000
83663.000000
85121.000000
85373.000000
83789.000000
85238.000000
84238.000000
84848.000000
84552.000000
84161.000000
84613.000000
86423.000000
82912.000000
84620.000000
83281.000000
83500.000000
85220.000000
84543.000000
85211.000000
85743.000000
84552.000000
84743.000000
85564.000000
83995.000000
84410.000000
84746.000000
84595.000000
84647.000000
83743.000000
83746.000000
84303.000000
84158.000000
84318.000000
83930.000000
84269.000000
84515.000000
89202.000000
84149.000000
83693.000000
83072.000000
84798.000000
86506.000000
84155.000000
84060.000000
84207.000000
84343.000000
84398.000000
85124.000000
84035.000000
84272.000000
83454.000000
83035.000000
84220.000000
84321.000000
84013.000000
86878.000000
84278.000000
83506.000000
84186.000000
84398.000000
84499.000000
84342.000000
84835.000000
84321.000000
83921.000000
85128.000000
83782.000000
84377.000000
84029.000000
85020.000000
84205.000000
85059.000000
85065.000000
83241.000000
87534.000000
84885.000000
84623.000000
83644.000000
85342.000000
83702.000000
84035.000000
84026.000000
84691.000000
87004.000000
84336.000000
84208.000000
83352.000000
84773.000000
85297.000000
84035.000000
84841.000000
84115.000000
84002.000000
84758.000000
84308.000000
84401.000000
83942.000000
85965.000000
84863.000000
84795.000000
85752.000000
84937.000000
85013.000000
85155.000000
84964.000000
85053.000000
87152.000000
84524.000000
83613.000000
84161.000000
84343.000000
84475.000000
83893.000000
84198.000000
84764.000000
84266.000000
85158.000000
84146.000000
84340.000000
84303.000000
84798.000000
86722.000000
84988.000000
84389.000000
84420.000000
83471.000000
84022.000000
83767.000000
86186.000000
83755.000000
86447.000000
82758.000000
84764.000000
84171.000000
83608.000000
84986.000000
83687.000000
84915.000000
83891.000000
84398.000000
84675.000000
84592.000000
84955.000000
84013.000000
140694.000000
82937.000000
84438.000000
83915.000000
84035.000000
86682.000000
85309.000000
84788.000000
84654.000000
85579.000000
85487.000000
85638.000000
84404.000000
84918.000000
82875.000000
85669.000000
84251.000000
84736.000000
84481.000000
84438.000000
84312.000000
83456.000000
83869.000000
85232.000000
86216.000000
84388.000000
83487.000000
86137.000000
84007.000000
85589.000000
83540.000000
83699.000000
84284.000000
83583.000000
85524.000000
83942.000000
83623.000000
85924.000000
87580.000000
84810.000000
84561.000000
84404.000000
83269.000000
85308.000000
83687.000000
84749.000000
84386.000000
84595.000000
83463.000000
84872.000000
85161.000000
84958.000000
87921.000000
83115.000000
83865.000000
83742.000000
84725.000000
86171.000000
83487.000000
84444.000000
84761.000000
84398.000000
84294.000000
83789.000000
83983.000000
84579.000000
84524.000000
84607.000000
84697.000000
84121.000000
84773.000000
83146.000000
84620.000000
84085.000000
83010.000000
83949.000000
83164.000000
84644.000000
83847.000000
83684.000000
85930.000000
83828.000000
85195.000000
84423.000000
83807.000000
85111.000000
84493.000000
84811.000000
83974.000000
84035.000000
84220.000000
84118.000000
85349.000000
83940.000000
85552.000000
83838.000000
85482.000000
84478.000000
85404.000000
84411.000000
85032.000000
83915.000000
84460.000000
83611.000000
85386.000000
85105.000000
83259.000000
86696.000000
82817.000000
84047.000000
83595.000000
85078.000000
84755.000000
83681.000000
84177.000000
85247.000000
85303.000000
83155.000000
84545.000000
83856.000000
84229.000000
83254.000000
84832.000000
83509.000000
84426.000000
83798.000000
87318.000000
84315.000000
90315.000000
83450.000000
85007.000000
84570.000000
84537.000000
85195.000000
85333.000000
84133.000000
83577.000000
84530.000000
85539.000000
84930.000000
85712.000000
83897.000000
86352.000000
83576.000000
84232.000000
83490.000000
84143.000000
84595.000000
85616.000000
84548.000000
84260.000000
84614.000000
87635.000000
83478.000000
84330.000000
84500.000000
84180.000000
85380.000000
84278.000000
84318.000000
83404.000000
85210.000000
84161.000000
85238.000000
83379.000000
84111.000000
84610.000000
83857.000000
84382.000000
84210.000000
83961.000000
84041.000000
84758.000000
83278.000000
83620.000000
85392.000000
86573.000000
83472.000000
83481.000000
83241.000000
83666.000000
84878.000000
83678.000000
84207.000000
83890.000000
84253.000000
84299.000000
83217.000000
84897.000000
84623.000000
84124.000000
83958.000000
83915.000000
83942.000000
85881.000000
84278.000000
83792.000000
83696.000000
85245.000000
84906.000000
85349.000000
83008.000000
83580.000000
84318.000000
84232.000000
84358.000000
84460.000000
84395.000000
85121.000000
83945.000000
84432.000000
85229.000000
84241.000000
84029.000000
88142.000000
84146.000000
84038.000000
83681.000000
84706.000000
86358.000000
85346.000000
85416.000000
83173.000000
84346.000000
83946.000000
84573.000000
84918.000000
83770.000000
84549.000000
84226.000000
84586.000000
84109.000000
83244.000000
87377.000000
85900.000000
83740.000000
83525.000000
84500.000000
84604.000000
83534.000000
84638.000000
83848.000000
84371.000000
84776.000000
84712.000000
85121.000000
83531.000000
87133.000000
84595.000000
84189.000000
85011.000000
84574.000000
84223.000000
84121.000000
84189.000000
84447.000000
84349.000000
83678.000000
83841.000000
84241.000000
85281.000000
83955.000000
83546.000000
84626.000000
87696.000000
83170.000000
84155.000000
83616.000000
84428.000000
85420.000000
84490.000000
85408.000000
84013.000000
85604.000000
84998.000000
85146.000000
82866.000000
84149.000000
83706.000000
83820.000000
83238.000000
83958.000000
84318.000000
86297.000000
85521.000000
84749.000000
84650.000000
84054.000000
84638.000000
84019.000000
85090.000000
84340.000000
84512.000000
83817.000000
84182.000000
84284.000000
84718.000000
88645.000000
85140.000000
83939.000000
85730.000000
84998.000000
86269.000000
85251.000000
84496.000000
84900.000000
84383.000000
84878.000000
84825.000000
84792.000000
85004.000000
84945.000000
84694.000000
84084.000000
84807.000000
85192.000000
84334.000000
83739.000000
83946.000000
84814.000000
82632.000000
85500.000000
83925.000000
84041.000000
84441.000000
85244.000000
84641.000000
83337.000000
84826.000000
83607.000000
87275.000000
83414.000000
84365.000000
86509.000000
83527.000000
84909.000000
83986.000000
82989.000000
84527.000000
83256.000000
84567.000000
83955.000000
84131.000000
84537.000000
84186.000000
85241.000000
84653.000000
86229.000000
84259.000000
87309.000000
84124.000000
85093.000000
84321.000000
83223.000000
84158.000000
83533.000000
83228.000000
84878.000000
84939.000000
83515.000000
84469.000000
83748.000000
82749.000000
84502.000000
84549.000000
84142.000000
84127.000000
84265.000000
85453.000000
84355.000000
83961.000000
86469.000000
84272.000000
83607.000000
84127.000000
84715.000000
87066.000000
85032.000000
84648.000000
83518.000000
85290.000000
84057.000000
83410.000000
84238.000000
83638.000000
86592.000000
84825.000000
85432.000000
83795.000000
84592.000000
85555.000000
83921.000000
84419.000000
86288.000000
84758.000000
84745.000000
84571.000000
84937.000000
84613.000000
87841.000000
85379.000000
86031.000000
85229.000000
85623.000000
83411.000000
84183.000000
84604.000000
84146.000000
83989.000000
83336.000000
83469.000000
85810.000000
84385.000000
83509.000000
84392.000000
88342.000000
85306.000000
82961.000000
84629.000000
83426.000000
85299.000000
82964.000000
83844.000000
85103.000000
83028.000000
83448.000000
83499.000000
85293.000000
85438.000000
88539.000000
83552.000000
84432.000000
84979.000000
83580.000000
86125.000000
84878.000000
85256.000000
84564.000000
84475.000000
83749.000000
83893.000000
83807.000000
84109.000000
87500.000000
84143.000000
84266.000000
84112.000000
84291.000000
84900.000000
84604.000000
83527.000000
84084.000000
84632.000000
85503.000000
84856.000000
83591.000000
83847.000000
83275.000000
85198.000000
85724.000000
85543.000000
84795.000000
84281.000000
84223.000000
83703.000000
85373.000000
85942.000000
84952.000000
84847.000000
85881.000000
85731.000000
83241.000000
83617.000000
84755.000000
84660.000000
84792.000000
84322.000000
84102.000000
83755.000000
85245.000000
84432.000000
85324.000000
83312.000000
83872.000000
84675.000000
85128.000000
84845.000000
84838.000000
85441.000000
84435.000000
84263.000000
84201.000000
83293.000000
84862.000000
84407.000000
83811.000000
83629.000000
84545.000000
85032.000000
85364.000000
84152.000000
83900.000000
84767.000000
86142.000000
84374.000000
83992.000000
84860.000000
85749.000000
85355.000000
85183.000000
84087.000000
83038.000000
83598.000000
85937.000000
84979.000000
83342.000000
88410.000000
85832.000000
85656.000000
84482.000000
83324.000000
85127.000000
84466.000000
83539.000000
82832.000000
84872.000000
83607.000000
83903.000000
83737.000000
85875.000000
85010.000000
84379.000000
84622.000000
85823.000000
83681.000000
85201.000000
84044.000000
83543.000000
85284.000000
85260.000000
85420.000000
83022.000000
84650.000000
83016.000000
87297.000000
84355.000000
83343.000000
84616.000000
84727.000000
85783.000000
83848.000000
84201.000000
84368.000000
84325.000000
84586.000000
85875.000000
85693.000000
85374.000000
83727.000000
84751.000000
84921.000000
85090.000000
83850.000000
84626.000000
83275.000000
84921.000000
84481.000000
85519.000000
84220.000000
83955.000000
83826.000000
83617.000000
85069.000000
84814.000000
84737.000000
85493.000000
85131.000000
85361.000000
85056.000000
84219.000000
83724.000000
84985.000000
84167.000000
85303.000000
83561.000000
84502.000000
84718.000000
84623.000000
84943.000000
84346.000000
84660.000000
84056.000000
84417.000000
84805.000000
84731.000000
84331.000000
84761.000000
86262.000000
85081.000000
84737.000000
82826.000000
83097.000000
84207.000000
84936.000000
84668.000000
85170.000000
143248.000000
83743.000000
84776.000000
83583.000000
84386.000000
85884.000000
83189.000000
84515.000000
84530.000000
84238.000000
84450.000000
84297.000000
85063.000000
83173.000000
85146.000000
84164.000000
83352.000000
83207.000000
84349.000000
85035.000000
83859.000000
83383.000000
85023.000000
85155.000000
83260.000000
85811.000000
84893.000000
84525.000000
145575.000000
82601.000000
84749.000000
83355.000000
84924.000000
85589.000000
83896.000000
83561.000000
84918.000000
84533.000000
84198.000000
84983.000000
83851.000000
83684.000000
83180.000000
83777.000000
82875.000000
85417.000000
83308.000000
85453.000000
84032.000000
83383.000000
84672.000000
84798.000000
84983.000000
84573.000000
84651.000000
84810.000000
83380.000000
84023.000000
84235.000000
84567.000000
82632.000000
87016.000000
85075.000000
85272.000000
85032.000000
83632.000000
85062.000000
85736.000000
84109.000000
85250.000000
83370.000000
84512.000000
84530.000000
84493.000000
84588.000000
85078.000000
83109.000000
84023.000000
83241.000000
84801.000000
84022.000000
84383.000000
84395.000000
84321.000000
84078.000000
83817.000000
84186.000000
83891.000000
84592.000000
88023.000000
83927.000000
84136.000000
84632.000000
83561.000000
85559.000000
84718.000000
85183.000000
84429.000000
84041.000000
85127.000000
85093.000000
85370.000000
83444.000000
85761.000000
83481.000000
84330.000000
82780.000000
84525.000000
84749.000000
84485.000000
84041.000000
84355.000000
84854.000000
83786.000000
85626.000000
86013.000000
83970.000000
86592.000000
85081.000000
84595.000000
83100.000000
84439.000000
84663.000000
85297.000000
84992.000000
85653.000000
83838.000000
84121.000000
85623.000000
84940.000000
84188.000000
83549.000000
85125.000000
85143.000000
82555.000000
84746.000000
84139.000000
84792.000000
84644.000000
84383.000000
83201.000000
84478.000000
85140.000000
85173.000000
83487.000000
83875.000000
83641.000000
85376.000000
84509.000000
83743.000000
85847.000000
85266.000000
84770.000000
84875.000000
86322.000000
84798.000000
83466.000000
83521.000000
84681.000000
88770.000000
84472.000000
83678.000000
84970.000000
85137.000000
84998.000000
83801.000000
84177.000000
84828.000000
131841.000000
83712.000000
83952.000000
84970.000000
83693.000000
85651.000000
83130.000000
84768.000000
84054.000000
