318238.649231
317612.306154
317828.033846
318131.043077
317216.927692
317410.616923
318106.064615
317632.575385
318162.615385
317845.598462
318306.780000
318102.756923
317934.386154
318249.863077
317897.989231
318239.775385
317717.716923
317540.681538
318599.624615
318127.898462
317977.383077
318312.420000
318848.186154
318517.515385
319200.392308
317976.603077
318521.400000
318594.704615
318245.572308
318178.772308
318232.703077
318270.152308
318778.581538
318223.613846
318544.313846
317583.004615
318079.138462
318760.689231
317976.956923
317768.587692
317438.590769
318258.855385
317110.621538
317566.698462
318626.583077
317968.489231
317820.472308
317998.561538
318411.429231
318146.093846
318430.160000
318359.730769

318121.253846

318455.970769

318446.267692

318610.340000

318359.169231

318216.790769

318057.586154
318339.827692

318366.673846

318417.361538

318513.030769

318404.230769

318175.926154

318494.860000

318306.178462

318012.961538

318529.461538

318373.613846

318475.346154

318857.927692

318806.755385

318744.701538

319605.858462

318461.921538

318003.183077

318417.323077

318050.606154

318388.001538

318790.869231

318319.235385

318089.756923

318433.473846

318193.909231

317140.813846

317594.901538

317521.016923
318184.567692

317764.627692

318484.472308

318561.656923

318768.441538

318564.501538


318767.124615

318463.523077

318817.712308

317365.573846

317747.089231

319236.330769

319108.566154

318583.333846

319384.695385
318569.786154

318400.073846

319209.107692

318971.573846

318807.915385

319218.918462

317910.456923

317903.410769

317761.244615

318279.600000

318760.715385

318782.630769

318344.486154

318714.947692

318430.718462
317889.792308

317983.643077

318011.953846

318479.407692

318303.753846

318693.327692

318379.603077

318050.883077

318287.463077

317525.896923

317273.138462

317358.730769

318640.733846

318600.227692


318688.952308
317876.947692

318224.686154

318247.032308

318270.580000

318325.127692


318575.800000

318110.306154

318006.990769

318293.269231

318411.038462

318280.610769

318806.418462

318383.310769
318260.575385

317989.738462

317669.336923

317775.696923

317908.198462

318020.655385

318435.401538

318370.890769

317998.372308

318067.160000

318304.812308
319373.966154

318015.592308

318230.803077

317073.743077
317215.220000

317113.076923

317870.240000

317890.560000

318177.286154

317786.595385

318055.353846

318966.146154

317877.661538

317834.163077

317729.307692

318497.318462

318132.983077

319767.183077

318589.016923
318694.390769

318302.472308

319567.601538

317608.112308

319604.067692

318975.823077

318706.413846

318444.984615

318377.247692

319554.815385

318198.180000

318038.143077

317956.278462

317855.721538

318605.176923
318431.435385

318490.847692

318369.241538

318657.261538

319082.983077

317935.955385

319694.473846

318120.438462

318783.290769

319497.269231

318451.244615

317506.964615

317160.092308

317057.706154

317698.432308

318033.690769

317992.312308

318304.633846

317331.224615

317249.724615

318399.987692

318208.892308

318332.296923


318391.923077

318232.367692

317945.555385

317949.403077

318300.329231

317927.158462

318198.078462
317961.473846

317776.770769

317777.812308

317416.853846

317829.415385

318186.844615

319154.943077

317826.469231

317985.301538

318222.041538

318139.195385

317561.378462

318066.889231

318005.316923

317988.210769
318502.258462

318341.840000

318324.701538

318013.503077

318648.298462

318390.872308

318574.500000

317940.340000

317934.976923

317842.266154

318315.153846

318658.280000

318224.278462

318108.910769

318082.103077

319500.821538

318758.341538

318460.023077

318114.516923

318040.723077

318477.483077

318153.069231

318227.226154

318344.232308

318767.735385

318699.284615

318496.393846

318228.640000

318254.521538
319064.204615

319096.135385

318749.023077

318478.704615

318557.427692

318469.381538

318321.100000

318953.450769

318774.989231

318112.421538

318126.969231

318107.515385

318706.261538

318885.886154

318484.921538

319575.943077

318754.512308

317311.312308

317442.580000

317466.690769

317927.881538

319157.844615

318331.895385

318691.649231

318397.346154

318559.129231

317965.432308

318057.386154

318566.432308

318201.776923
319967.544615

318469.153846

318794.730769

318641.938462

318634.553846

318163.856923

318372.167692

318053.520000

319483.384615

318769.389231

318471.586154

319217.132308

318966.876923

318573.730769

318661.316923

318840.433846

318235.809231

318757.226154

318303.967692

318692.840000

317258.030769

317292.593846

318337.129231

317370.496923

317232.513846

317684.738462

318327.243077

318214.512308

317733.996923

318512.827692
318476.195385

318788.763077

317823.713846

317855.718462

318289.383077

318613.900000

318582.607692

319018.090769

318100.870769

318179.370769

317722.066154

319197.930769

320147.427692


319122.027692

318033.221538
318410.847692

318520.749231

317811.373846

318068.926154

318505.076923

318548.780000

318672.867692

318477.235385

319022.641538

318642.403077

319213.758462

320125.189231

318971.298462

318723.170769

318608.649231
318228.753846

318197.832308

318134.709231

318145.980000

318330.550769

318261.803077

319889.755385

318522.647692

318469.021538

318871.312308

318660.155385

318642.181538

317995.361538

318024.541538
318243.447692

318711.390769

320264.335385

318998.760000

319168.556923

318122.789231

318075.747692

318277.755385

318357.523077

318527.329231

317833.018462

318302.567692

317981.243077

318367.243077

318301.564615

319646.664615

318651.521538

319024.226154

318754.443077

318937.689231

318994.800000

318518.930769

318781.504615

318710.578462

318713.521538

318459.356923

318859.030769

318183.783077

318188.303077

318815.556923
318227.987692

318627.260000

318633.421538

318321.700000

318619.036923

318727.778462

318609.700000

317999.870769

318645.664615

318530.740000

318325.053846

318875.712308

317803.458462

317790.066154

317775.550769

318135.741538

319435.329231

318409.520000

317861.901538

318114.178462

318445.986154

318310.118462

318005.653846

318869.983077

318256.818462

317835.738462

318229.736923

319424.958462

318267.720000

319772.909231

318114.778462

318021.089231

318067.769231

318229.600000

318507.950769

318704.349231

318384.667692

318311.584615

318149.486154

318176.089231

318373.373846

318651.269231

317822.021538

317718.304615

317903.001538
318624.833846

318527.853846

318713.180000

318163.667692

318226.533846

319610.601538

318265.703077

318076.458462

318235.167692

319157.466154

318142.369231

317961.693846

319781.500000
318619.021538

318345.998462
318140.910769

318481.712308

317935.776923

318189.386154

318041.678462

318131.360000

318478.718462

318139.526154

316981.492308

317105.083077

317132.216923

317951.293846

317968.140000

318048.053846

318172.915385
318371.746154

318522.010769

318103.375385

317927.552308

318349.458462

317308.230769

317115.949231

318956.707692

317846.187692

318895.370769

317731.778462

317923.113846

318335.666154

318102.270769

320014.992308
318803.969231

319752.244615

318705.149231

318959.055385

318474.690769

318402.373846

318407.080000

317316.335385

317668.149231

317609.133846

318851.613846

318800.792308

318578.052308

318759.807692

317944.287692
318306.535385

318297.847692

317768.729231

318115.380000

316959.589231

317062.361538

317233.835385

317840.078462

317629.581538

317908.696923

317694.823077

317636.876923

319214.473846

318181.701538

318157.524615

318564.998462

319054.989231

318417.207692

318335.844615

318816.204615

318450.141538

317187.318462

316891.527692

317464.972308

318839.636923

318508.141538

318884.964615

319615.778462

318567.140000

319223.498462

318017.875385

318133.046154

318702.052308

318522.444615

318594.969231

318694.980000

318310.800000

318433.366154

318641.741538

318250.735385

317801.893846

317642.293846

317904.823077

317970.507692

318294.424615
318436.784615
318713.563077

319012.258462

318562.269231

319322.373846


318973.660000

317902.069231

317882.609231

318363.244615

318240.341538

318870.815385

318300.976923

319677.127692

318418.669231

319344.307692
318865.890769

318383.389231

318462.210769

318696.406154

318058.376923

317777.976923

318310.924615

317832.590769

318366.127692

318432.716923

318577.490769

318270.426154

318113.552308

317733.015385

317754.732308
318361.658462

318201.467692

318810.053846

317880.995385

318237.832308

318308.687692

318218.838462

317795.798462

317855.444615

318250.158462

318647.144615

318481.121538

318054.890769

318517.907692

318435.769231
318852.993846

318849.320000

318096.098462

318156.964615

318305.530769

318333.138462

319718.421538

317839.700000

317553.087692

317087.378462

317374.433846

318430.001538

318815.829231

318968.338462

318641.469231
317958.600000

318472.810769

317746.086154

317514.046154

317730.352308

317596.047692

317639.940000

317892.201538

317981.620000

317865.172308

318451.283077

318537.878462

318414.847692

318744.360000

318696.126154

319103.324615

318257.747692

318276.090769

318528.121538

319392.044615


317967.055385

318563.309231

318598.023077

318427.484615

318537.903077

318092.787692

318497.049231

317536.396923

316946.883077
317586.338462

318146.596923

318581.196923

318296.007692

318350.241538

318487.672308

318196.869231

318039.423077

318305.984615

318364.278462

318308.573846

318519.929231

318179.869231

318298.432308

318274.798462
318490.166154

318634.152308

318488.373846

318626.118462

319776.807692


318520.923077


318684.656923

318187.506154

318512.444615

317716.572308
317959.844615

317793.447692

317918.660000

319046.983077

318056.067692
319262.587692

318815.910769

319181.987692

318405.753846

318769.146154


318796.380000

318497.283077

318690.115385

319851.495385

317081.418462

317487.276923

317511.073846

318438.498462

318474.021538

318777.136923
318421.643077

318162.440000

318595.049231

318414.030769

318206.578462

318186.132308

318135.186154

318224.921538

319564.772308

319574.064615

318166.606154

318255.783077

318446.292308

319308.167692

319513.441538
318912.847692

318572.746154

318820.558462

318422.121538

318401.435385

318540.933846

318253.813846

318010.340000

318670.006154

318535.070769

319701.510769

316912.727692

317066.918462

317391.949231

318122.427692

318192.592308

318480.495385

318034.964615

318135.173846

317906.183077

318465.109231

318240.786154

318586.293846

317885.740000

318297.152308

317959.930769

318300.904615

318028.943077

318547.632308

317645.747692

318012.087692

318220.393846

318405.073846

318322.941538

317996.283077

318821.203077

318690.495385

318464.789231

318265.575385

317830.749231

318180.060000

318645.381538

318744.680000

318657.293846
319220.144615

317847.975385

317862.123077

318118.436923

318149.286154

318698.341538

318575.380000

318084.232308

318512.363077

318279.380000

318834.935385

318400.623077

318317.763077

318885.830769

318539.820000
318890.650769

318690.590769

318001.520000

318629.212308

318553.553846

318151.749231

318183.541538

318316.618462

317946.438462

318396.310769

318506.398462

318780.609231

318689.110769

318687.936923

318619.115385
318673.309231

318212.195385

318229.580000

318625.787692

318358.696923

318035.258462

318555.316923

317181.978462

317010.420000

317050.289231

318314.427692

318374.033846

317889.893846

318551.713846

317858.356923
318271.823077

318100.676923

318230.752308

318189.980000

318062.121538

317862.678462

317636.693846

317921.870769

318447.310769

318206.710769

318129.116923

318457.583077

319122.723077

319119.953846

318835.773846

318960.418462

320271.704615

319124.420000
318179.664615

318482.204615

319064.506154

318075.670769

318039.013846
318129.335385
318667.753846
318297.804615
318285.944615
317811.964615
317509.663077
317747.444615
318166.733846
317828.389231
318856.792308
317428.844615
317937.443077
318037.298462
317746.586154
319312.015385
317757.247692
317727.946154
318734.441538
318523.090769
318293.206154
318737.107692
318526.372308
318316.647692
318752.889231
318370.963077
318519.276923
317939.563077
318786.112308
318655.764615
318721.896923
318427.780000
317869.806154
318147.570769
317140.410769
318221.560000
317376.544615
318826.890769
318306.053846
318592.687692
318977.272308
319568.338462
318520.761538
319106.826154
317961.129231
318168.772308
318179.049231
317820.121538
318470.898462
318087.801538
318610.856923
318767.647692
317767.660000
318234.076923
317927.403077
317868.412308
318041.336923
318135.001538
318528.720000
318696.110769
318540.598462
318102.250769
318365.486154
318124.061538
318486.578462
318035.716923
317846.493846
318531.510769
318730.513846
318315.116923
318102.901538
318112.295385
318373.998462
318258.384615
318154.070769
317779.421538
317576.966154
317315.670769
318422.004615
318565.683077
318384.376923
318124.198462
318159.629231
318130.992308
318614.326154
318427.363077
317018.712308
317087.996923
318782.804615
318223.175385
318246.438462
317253.103077
316955.146154
317550.146154
318812.643077
318253.370769
318742.913846
318020.926154
318744.156923
318470.652308
318329.256923
318457.350769
318219.712308
318840.330769
318717.364615
318248.512308
317875.790769
318109.856923
317575.086154
317332.536923
317675.167692
319273.433846
318411.595385
318472.432308
318833.460000
318825.872308
318497.300000
318860.696923
318359.996923
318360.040000
318021.961538
318184.686154
318378.963077
318934.186154
318745.403077
317947.116923
317977.936923
317777.266154
317946.864615
318086.606154
317883.443077
318043.893846
318481.572308
318833.198462
318786.864615
319181.115385
318517.823077
318644.346154
318659.910769
319039.100000
319144.778462
318926.978462
317903.430769
318146.847692
318388.941538
318242.649231
318152.415385
318366.244615
318335.938462
318203.512308
318463.052308
317842.589231
318264.350769
317756.629231
318987.747692
318462.633846
318569.912308
318806.986154
318517.658462
318493.121538
319756.501538
318141.193846
318226.610769
317023.581538
316989.200000
317174.583077
319093.066154
318241.732308
318164.289231
318356.130769
318450.032308
319398.050769
316942.029231
317463.923077
318363.693846
317987.884615
317810.992308
318155.246154
319365.518462
318186.470769
318360.364615
318487.130769
318247.850769
318331.841538
318463.263077
318400.584615
318324.995385
318577.283077
318321.044615
318296.261538
318369.943077
319513.409231
318031.532308
317994.570769
318364.538462
318039.140000
318467.452308
317928.656923
317443.489231
318023.210769
318906.190769
318200.510769
318258.290769
318632.595385
317769.667692
318076.060000
317390.315385
318774.727692
318669.455385
318659.907692
318090.660000
318192.126154
317944.823077
317994.647692
318057.475385
318374.796923
317843.046154
318079.253846
317972.986154
317858.620000
318363.050769
317699.566154
317952.832308
317375.050769
319564.740000
318125.752308
318333.538462
318296.840000
318368.000000
318711.638462
317896.970769
318017.555385
318222.256923
317886.495385
317801.763077
317768.572308
318109.501538
318631.856923
318977.110769
318037.556923
317957.661538
317958.816923
317745.443077
318500.803077
318043.204615
318609.533846
318226.752308
318390.961538
318035.204615
318089.303077
318008.576923
318616.021538
318329.793846
319132.487692
318684.455385
318393.073846
318256.820000
318254.372308
318271.726154
318198.032308
318416.918462
318336.035385
318189.223077
318459.230769
317967.075385
318131.696923
318832.949231
318525.067692
318245.561538
318094.833846
318186.256923
318964.080000
318691.855385
319345.678462
318236.492308
318489.313846
318193.712308
318795.840000
318888.209231
319003.310769
318554.063077
318407.675385
318869.407692
318114.190769
318458.526154
318546.035385
318255.733846
318434.547692
318579.798462
318481.069231
318019.452308
318238.187692
319683.718462
318421.638462
318925.660000
318144.544615
318683.656923
318393.009231
317723.716923
319366.047692
317768.541538
319289.492308
319255.721538
319206.183077
317971.576923
318276.275385
318866.101538
318032.467692
318177.875385
320010.540000
318674.544615
318514.236923
318600.601538
318298.236923
318531.967692
318004.260000
318291.287692
317911.913846
318736.400000
318509.606154
319991.432308
319573.712308
317925.912308
318365.103077
317351.301538
317338.967692
317107.900000
318332.646154
318307.467692
318168.932308
318250.150769
318294.286154
317999.133846
318637.667692
318323.116923
318685.700000
318178.103077
318675.470769
318149.126154
317917.873846
318141.752308
318542.043077
319699.090769
318859.886154
318303.060000
317966.255385
318060.596923
318798.844615
318883.970769
319025.880000
318776.343077
318592.198462
318263.710769
318023.264615
319307.996923
318454.564615
317726.547692
317982.821538
318397.475385
320060.303077
318711.404615
318421.224615
318649.641538
318570.620000
318607.452308
318257.189231
318019.426154
318500.156923
317927.024615
318014.575385
318037.540000
317736.884615
318302.669231
318535.646154
317738.824615
318019.169231
317979.609231
317150.316923
318283.100000
318598.412308
318419.524615
318045.398462
318071.801538
317952.632308
318199.544615
318437.052308
318596.578462
318220.644615
318269.681538
318260.824615
318667.273846
318288.016923
318448.724615
318477.526154
318396.604615
318266.612308
319488.627692
318068.267692
318460.775385
318550.623077
318417.163077
318786.573846
317758.672308
317969.000000
318143.827692
318775.493846
318770.560000
319877.558462
318036.547692
319636.870769
318475.447692
318325.370769
318113.950769
317781.392308
318520.641538
318783.176923
318937.418462
318445.563077
318276.984615
318125.815385
318001.467692
318000.849231
318634.716923
318210.541538
318360.893846
319114.149231
318589.681538
319222.183077
318882.266154
318009.604615
317620.663077
317671.624615
317462.866154
318595.921538
317193.124615
317949.236923
318159.027692
317282.621538
317480.932308
317118.072308
319665.735385
318229.156923
318730.315385
318213.995385
318383.376923
318816.898462
318879.713846
318565.838462
318927.844615
317835.564615
317987.233846
318366.700000
318811.996923
318057.509231
317954.144615
318017.989231
318328.641538
318253.752308
318178.346154
318133.104615
318132.864615
318799.892308
318720.929231
318571.006154
318407.276923
319387.703077
319004.836923
318100.475385
318582.704615
318738.467692
318898.887692
318853.055385
316809.301538
317728.590769
317452.656923
318195.536923
318437.510769
318121.824615
317061.033846
317446.760000
317825.190769
318141.230769
318073.804615
319095.806154
318627.961538
318607.195385
318680.250769
318670.692308
318614.535385
318598.024615
317601.410769
317189.298462
317695.912308
319685.895385
318146.130769
318170.490769
318058.546154
318229.773846
318324.403077
318131.418462
318062.220000
318920.361538
319940.463077
318547.961538
318278.307692
318603.721538
318886.692308
317764.444615
317929.990769
318022.953846
317683.138462
317992.118462
317968.203077
318161.467692
317967.396923
317923.812308
318129.049231
319443.609231
318065.015385
318789.156923
318080.127692
318535.655385
317599.192308
318454.767692
317958.716923
317325.826154
317100.284615
317373.461538
318205.298462
318439.166154
318764.996923
318121.536923
318651.804615
318405.032308
318043.740000
318004.295385
318073.101538
318205.623077
318450.235385
317988.760000
319442.760000
318560.552308
318218.858462
318909.027692
318934.158462
318537.661538
318034.784615
317987.273846
318106.816923
318401.029231
317858.680000
317921.032308
319528.784615
317928.321538
319531.433846
318349.287692
318517.813846
318635.200000
318276.616923
318744.620000
318588.267692
318600.044615
318596.721538
317404.956923
317912.592308
318112.103077
318286.400000
319715.333846
318881.446154
318513.353846
318747.436923
318666.823077
318247.510769
318282.621538
318412.221538
317876.364615
317972.050769
318284.823077
318508.378462
317246.292308
317359.940000
318479.203077
318655.412308
318536.347692
318500.956923
318906.700000
318614.123077
318268.560000
318090.218462
318521.307692
318145.292308
318266.075385
318918.532308
318046.078462
318822.904615
318392.695385
318395.576923
318049.626154
318552.836923
318359.795385
318271.026154
318084.596923
318500.689231
318503.140000
318914.135385
318673.552308
318668.852308
318819.309231
319393.026154
317815.184615
317716.881538
318125.624615
318493.676923
318162.632308
319829.813846
318392.336923
318359.133846
318422.961538
318796.081538
319900.569231
318999.187692
318186.910769
318139.223077
318171.301538
318261.606154
318694.440000
318436.272308
319622.829231
318818.463077
318741.907692
317188.021538
317800.884615
317593.790769
317551.244615
319239.447692
317951.066154
318614.158462
318407.272308
318524.035385
318617.221538
318325.392308
318786.127692
318709.483077
318414.833846
318483.546154
318279.975385
318366.678462
318224.181538
318373.266154
318432.704615
318365.975385
319014.006154
318810.420000
319130.489231
318786.473846
318731.007692
318200.458462
317976.924615
319473.053846
318172.315385
317915.924615
318141.684615
317934.276923
318486.390769
318170.995385
317949.664615
317583.401538
317787.126154
318453.924615
319554.298462
318619.926154
318550.056923
318195.773846
318695.630769
318038.127692
318104.300000
317973.769231
318074.780000
317891.233846
318287.096923
318304.527692
318168.961538
317844.529231
318085.303077
318589.701538
318215.464615
318477.056923
318491.970769
317991.218462
318132.303077
318588.129231
318342.987692
318708.509231
318709.058462
318252.515385
318351.704615
318430.416923
318426.672308
317989.469231
318777.596923
318689.783077
318462.875385
318302.815385
318522.563077
318063.032308
319868.752308
318444.796923
318027.978462
319461.932308
318322.361538
318670.355385
318947.063077
319217.810769
318693.321538
318659.767692
318490.387692
318865.220000
319743.933846
318954.590769
317985.016923
318049.006154
318056.864615
318506.149231
318448.355385
318704.073846
318772.472308
318667.947692
319025.224615
318290.655385
318279.133846
318468.696923
318421.123077
318132.136923
318322.116923
317977.760000
317973.718462
318295.812308
318485.996923
319781.896923
319001.910769
318684.898462
318691.303077
318194.461538
316774.000000
317393.141538
317044.121538
318012.520000
317974.932308
318253.344615
318032.389231
318191.698462
318649.852308
318173.738462
317927.301538
319510.741538
318209.952308
318443.529231
319696.815385
319229.415385
318466.264615
319219.370769
317415.898462
317263.223077
317581.181538
318697.409231
318877.604615
318350.215385
318322.403077
