766653.000000
859266.000000
867424.000000
829546.000000
853796.000000
776026.000000
816617.000000
865298.000000
773945.000000
833636.000000
866593.000000
809909.000000
773143.000000
803090.000000
806312.000000
820762.000000
773444.000000
772001.000000
865660.000000
772786.000000
867858.000000
776663.000000
775903.000000
765047.000000
798992.000000
796681.000000
818352.000000
858864.000000
773454.000000
769503.000000
799546.000000
768795.000000
820860.000000
767524.000000
772595.000000
799829.000000
820390.000000
768269.000000
769078.000000
855412.000000
866547.000000
774020.000000
768354.000000
774530.000000
796171.000000
777097.000000
770121.000000
774598.000000
773379.000000
854639.000000
845042.000000
800112.000000
773385.000000
862260.000000
813343.000000
771905.000000
769721.000000
773586.000000
864682.000000
802611.000000
810205.000000
822635.000000
862559.000000
799736.000000
819364.000000
765025.000000
857599.000000
801700.000000
800801.000000
797552.000000
801531.000000
860021.000000
843998.000000
818503.000000
822795.000000
800626.000000
861304.000000
768530.000000
805977.000000
865387.000000
772776.000000
769262.000000
779001.000000
830079.000000
772740.000000
819279.000000
862778.000000
863137.000000
772881.000000
868547.000000
862110.000000
820407.000000
801518.000000
853704.000000
920830.000000
813155.000000
773721.000000
849768.000000
773284.000000
773466.000000
773853.000000
775201.000000
772072.000000
771084.000000
866116.000000
827143.000000
774764.000000
769441.000000
806149.000000
769998.000000
773078.000000
834310.000000
777287.000000
856645.000000
772961.000000
800401.000000
772807.000000
822152.000000
770860.000000
771555.000000
773426.000000
876775.000000
806719.000000
770607.000000
775795.000000
807657.000000
870534.000000
914532.000000
799297.000000
772807.000000
860827.000000
863325.000000
818054.000000
774053.000000
859559.000000
861439.000000
776897.000000
866113.000000
771080.000000
817722.000000
776398.000000
771881.000000
773533.000000
810233.000000
769546.000000
866830.000000
768413.000000
891574.000000
773309.000000
856866.000000
774638.000000
823414.000000
851698.000000
868451.000000
772299.000000
799774.000000
770792.000000
773047.000000
920018.000000
801189.000000
772696.000000
774297.000000
822974.000000
772099.000000
945619.000000
776115.000000
774518.000000
774050.000000
770063.000000
772300.000000
774235.000000
773832.000000
768336.000000
775850.000000
824273.000000
909984.000000
772884.000000
802605.000000
854639.000000
774573.000000
767330.000000
849147.000000
821441.000000
772035.000000
772232.000000
770223.000000
772112.000000
779659.000000
863011.000000
774422.000000
769016.000000
773173.000000
864338.000000
773539.000000
771238.000000
776004.000000
859233.000000
799835.000000
773401.000000
858270.000000
797574.000000
774472.000000
851722.000000
928698.000000
769109.000000
774084.000000
775235.000000
774167.000000
769905.000000
827032.000000
854932.000000
805592.000000
853996.000000
773232.000000
971579.000000
797887.000000
823534.000000
820743.000000
865162.000000
775970.000000
803436.000000
861340.000000
800168.000000
771007.000000
808761.000000
924901.000000
799109.000000
775438.000000
860380.000000
862547.000000
799733.000000
876236.000000
772878.000000
777924.000000
770696.000000
771607.000000
808318.000000
807790.000000
809596.000000
799450.000000
773469.000000
777740.000000
830054.000000
822925.000000
848590.000000
773829.000000
770225.000000
776377.000000
778281.000000
802186.000000
818224.000000
774025.000000
767742.000000
858396.000000
769789.000000
774204.000000
772032.000000
867393.000000
869617.000000
938332.000000
774309.000000
767807.000000
777512.000000
774558.000000
802460.000000
873522.000000
819380.000000
772339.000000
773791.000000
799983.000000
771472.000000
771109.000000
770456.000000
772222.000000
867599.000000
800223.000000
767758.000000
773348.000000
770705.000000
875061.000000
864436.000000
801786.000000
804140.000000
770583.000000
861821.000000
770675.000000
770706.000000
907190.000000
883648.000000
867212.000000
822398.000000
772770.000000
913045.000000
770253.000000
864882.000000
774041.000000
812220.000000
808651.000000
872027.000000
868516.000000
773767.000000
771976.000000
774610.000000
776469.000000
773681.000000
824958.000000
863965.000000
818909.000000
880697.000000
857876.000000
771065.000000
771377.000000
766414.000000
807216.000000
828417.000000
771404.000000
798309.000000
853999.000000
802152.000000
803746.000000
775755.000000
863476.000000
768561.000000
861984.000000
809411.000000
876295.000000
771112.000000
857433.000000
768647.000000
779118.000000
772382.000000
777952.000000
770401.000000
863276.000000
861368.000000
775761.000000
906461.000000
774912.000000
798608.000000
864297.000000
858738.000000
857768.000000
805728.000000
809253.000000
771321.000000
823328.000000
772607.000000
820672.000000
851455.000000
820195.000000
777106.000000
808398.000000
878338.000000
769874.000000
777610.000000
820045.000000
860464.000000
853252.000000
862242.000000
862630.000000
856503.000000
768035.000000
768801.000000
827827.000000
860793.000000
769220.000000
770370.000000
775315.000000
842199.000000
858605.000000
862550.000000
774582.000000
865531.000000
858529.000000
870750.000000
813909.000000
810161.000000
771807.000000
767558.000000
772296.000000
864458.000000
766943.000000
772927.000000
812048.000000
767487.000000
941523.000000
795321.000000
774859.000000
799290.000000
864103.000000
800269.000000
777004.000000
771878.000000
771481.000000
853562.000000
771210.000000
919613.000000
773674.000000
860172.000000
800272.000000
771539.000000
798414.000000
887726.000000
769517.000000
798709.000000
769894.000000
768484.000000
859922.000000
827407.000000
766767.000000
772653.000000
774130.000000
856981.000000
830522.000000
802161.000000
776419.000000
775201.000000
808066.000000
800955.000000
815856.000000
861694.000000
775377.000000
868855.000000
767466.000000
934228.000000
772736.000000
865593.000000
773902.000000
774779.000000
861830.000000
848845.000000
772195.000000
822860.000000
768194.000000
770533.000000
797149.000000
774568.000000
815358.000000
773231.000000
819321.000000
771469.000000
927714.000000
775376.000000
768063.000000
862504.000000
855556.000000
862593.000000
774560.000000
770835.000000
863340.000000
772878.000000
818223.000000
-999174814.000000
856949.000000
771373.000000
769777.000000
776041.000000
865273.000000
802066.000000
770555.000000
771684.000000
771872.000000
776253.000000
874766.000000
779109.000000
812199.000000
821402.000000
769099.000000
772244.000000
922492.000000
856110.000000
815490.000000
777155.000000
862818.000000
819947.000000
774060.000000
823787.000000
871205.000000
825149.000000
769454.000000
836955.000000
765616.000000
774204.000000
810005.000000
864740.000000
816552.000000
807795.000000
771924.000000
802685.000000
769776.000000
810733.000000
809598.000000
827325.000000
773739.000000
869377.000000
768346.000000
769632.000000
847974.000000
775589.000000
862666.000000
772066.000000
864301.000000
869169.000000
770192.000000
776379.000000
810906.000000
773170.000000
768093.000000
769730.000000
861279.000000
778601.000000
774991.000000
772410.000000
772191.000000
865396.000000
770785.000000
776503.000000
771044.000000
857795.000000
859522.000000
799798.000000
832463.000000
774847.000000
771934.000000
867014.000000
796567.000000
870009.000000
775792.000000
771653.000000
852642.000000
861642.000000
799020.000000
775339.000000
865885.000000
767244.000000
772361.000000
773001.000000
774069.000000
838513.000000
865190.000000
801239.000000
810973.000000
772524.000000
801137.000000
781130.000000
766256.000000
822525.000000
771632.000000
770740.000000
773213.000000
782460.000000
773441.000000
864781.000000
807820.000000
856528.000000
766305.000000
773554.000000
818783.000000
771647.000000
772065.000000
770134.000000
916153.000000
772198.000000
800158.000000
773850.000000
797573.000000
770991.000000
842987.000000
772677.000000
771613.000000
868184.000000
799447.000000
803567.000000
866381.000000
770912.000000
810063.000000
816743.000000
774585.000000
804195.000000
821577.000000
864088.000000
865971.000000
813187.000000
774826.000000
852383.000000
771459.000000
867756.000000
859556.000000
769613.000000
858221.000000
775201.000000
772312.000000
799530.000000
861627.000000
863928.000000
830223.000000
861482.000000
772795.000000
772291.000000
771013.000000
855513.000000
791540.000000
772422.000000
860698.000000
816940.000000
857058.000000
878125.000000
771647.000000
772136.000000
767188.000000
863620.000000
803512.000000
856875.000000
771718.000000
798499.000000
857469.000000
938985.000000
772675.000000
861380.000000
852334.000000
804725.000000
771001.000000
825596.000000
769804.000000
860509.000000
802503.000000
774915.000000
796248.000000
778333.000000
771293.000000
771912.000000
797617.000000
771555.000000
914553.000000
771068.000000
863030.000000
772964.000000
771020.000000
866089.000000
867027.000000
824546.000000
865374.000000
771237.000000
770988.000000
855060.000000
855338.000000
779186.000000
776312.000000
825509.000000
809792.000000
844818.000000
862734.000000
772475.000000
858977.000000
771659.000000
861609.000000
774592.000000
769764.000000
816494.000000
862023.000000
776069.000000
909624.000000
868923.000000
867741.000000
773955.000000
766226.000000
774438.000000
774010.000000
854935.000000
769333.000000
861673.000000
773293.000000
870538.000000
774468.000000
859267.000000
807503.000000
866685.000000
800423.000000
826845.000000
773425.000000
812358.000000
811919.000000
864082.000000
800660.000000
814872.000000
804453.000000
816389.000000
769262.000000
811949.000000
777355.000000
865325.000000
812679.000000
771115.000000
768903.000000
775127.000000
777576.000000
769063.000000
772678.000000
774457.000000
773290.000000
776302.000000
863485.000000
803506.000000
774179.000000
766038.000000
823682.000000
804426.000000
864855.000000
809469.000000
776077.000000
771161.000000
831196.000000
862288.000000
770721.000000
771131.000000
865716.000000
767251.000000
895218.000000
817568.000000
801970.000000
867771.000000
772358.000000
773072.000000
855771.000000
799949.000000
823589.000000
801189.000000
775014.000000
824432.000000
773370.000000
774198.000000
820469.000000
815066.000000
774056.000000
812084.000000
774401.000000
774601.000000
804042.000000
856112.000000
865264.000000
769663.000000
801091.000000
859796.000000
863467.000000
770702.000000
854888.000000
870424.000000
823670.000000
768546.000000
827002.000000
772720.000000
769810.000000
768189.000000
797343.000000
771109.000000
772739.000000
768524.000000
773238.000000
770715.000000
863710.000000
964095.000000
814546.000000
860282.000000
819764.000000
774263.000000
769734.000000
779149.000000
768192.000000
768001.000000
770804.000000
856089.000000
835032.000000
775423.000000
861251.000000
765407.000000
772499.000000
769681.000000
899972.000000
821070.000000
824817.000000
770863.000000
773881.000000
770235.000000
824205.000000
814177.000000
768084.000000
856550.000000
771284.000000
867390.000000
775352.000000
768788.000000
771290.000000
769906.000000
801577.000000
802896.000000
774010.000000
769394.000000
863276.000000
771961.000000
879251.000000
770829.000000
772657.000000
799636.000000
861827.000000
869362.000000
776001.000000
862049.000000
798601.000000
771773.000000
798041.000000
1454875.000000
822971.000000
863793.000000
770186.000000
772801.000000
823199.000000
864279.000000
853808.000000
773684.000000
867054.000000
862356.000000
860156.000000
864876.000000
856319.000000
868252.000000
819890.000000
773075.000000
859066.000000
773272.000000
852519.000000
825460.000000
862999.000000
939570.000000
861402.000000
770490.000000
773868.000000
771662.000000
861833.000000
780189.000000
854217.000000
859894.000000
795648.000000
773426.000000
768863.000000
870485.000000
856673.000000
807054.000000
767265.000000
864412.000000
879507.000000
773459.000000
856999.000000
770954.000000
773232.000000
820937.000000
859676.000000
813950.000000
811712.000000
801866.000000
856193.000000
799356.000000
769044.000000
774057.000000
771730.000000
773657.000000
823285.000000
775948.000000
822891.000000
796281.000000
862156.000000
767822.000000
870113.000000
801519.000000
866916.000000
777411.000000
865919.000000
768869.000000
772955.000000
816146.000000
812697.000000
776924.000000
771490.000000
768654.000000
773857.000000
799364.000000
799656.000000
776278.000000
770512.000000
889421.000000
862270.000000
851033.000000
773536.000000
811445.000000
820731.000000
869932.000000
769613.000000
850968.000000
773629.000000
800939.000000
774001.000000
856627.000000
822974.000000
766367.000000
769552.000000
772915.000000
937957.000000
859621.000000
844722.000000
803500.000000
772456.000000
867618.000000
856058.000000
819884.000000
872504.000000
859873.000000
864359.000000
871971.000000
770268.000000
773376.000000
865965.000000
773613.000000
812097.000000
806198.000000
770057.000000
850885.000000
774354.000000
869526.000000
768262.000000
770182.000000
771318.000000
816183.000000
862741.000000
766952.000000
771484.000000
867716.000000
967570.000000
770989.000000
806730.000000
771564.000000
816211.000000
771001.000000
832799.000000
820156.000000
773546.000000
773844.000000
770331.000000
770660.000000
809330.000000
773866.000000
827623.000000
776139.000000
773419.000000
976216.000000
854439.000000
769324.000000
771829.000000
767241.000000
864694.000000
853282.000000
824472.000000
770013.000000
769487.000000
773414.000000
770666.000000
866956.000000
801687.000000
818380.000000
765955.000000
770854.000000
872999.000000
822445.000000
773893.000000
856833.000000
799026.000000
868260.000000
869497.000000
771014.000000
809484.000000
817620.000000
776887.000000
861187.000000
771533.000000
765924.000000
774463.000000
772653.000000
778260.000000
862984.000000
772438.000000
823734.000000
771771.000000
769371.000000
860882.000000
771213.000000
805776.000000
802515.000000
772927.000000
801999.000000
813361.000000
864134.000000
961674.000000
768844.000000
774921.000000
858353.000000
767647.000000
773530.000000
765875.000000
771834.000000
773051.000000
775613.000000
801503.000000
770909.000000
774351.000000
863282.000000
774038.000000
860125.000000
819278.000000
769958.000000
770770.000000
854864.000000
868196.000000
802291.000000
829193.000000
770471.000000
868150.000000
856992.000000
770699.000000
842072.000000
810414.000000
799924.000000
801854.000000
768077.000000
854374.000000
824774.000000
816051.000000
772672.000000
858538.000000
772798.000000
820134.000000
822312.000000
823008.000000
771897.000000
860310.000000
770592.000000
771247.000000
818245.000000
865575.000000
858396.000000
804792.000000
796777.000000
959486.000000
805847.000000
868008.000000
802485.000000
771493.000000
774841.000000
811851.000000
772155.000000
768555.000000
767179.000000
810876.000000
772066.000000
775386.000000
773724.000000
774709.000000
776284.000000
772918.000000
885667.000000
800053.000000
802537.000000
822740.000000
867627.000000
777370.000000
870455.000000
861817.000000
873473.000000
821386.000000
870654.000000
860181.000000
777718.000000
773499.000000
804721.000000
800330.000000
773057.000000
844223.000000
815149.000000
855057.000000
775604.000000
768423.000000
771629.000000
779293.000000
869947.000000
772407.000000
772376.000000
774937.000000
771210.000000
807331.000000
773130.000000
800571.000000
861999.000000
810426.000000
870384.000000
798099.000000
796730.000000
798082.000000
772075.000000
780380.000000
802278.000000
801848.000000
854341.000000
820097.000000
771552.000000
864722.000000
770921.000000
857263.000000
855697.000000
872501.000000
829001.000000
861510.000000
769580.000000
770456.000000
774010.000000
813097.000000
773453.000000
814666.000000
776789.000000
802685.000000
800029.000000
879141.000000
771715.000000
772868.000000
772865.000000
775925.000000
771724.000000
918369.000000
867101.000000
862319.000000
776871.000000
773438.000000
772152.000000
820383.000000
855698.000000
818060.000000
867716.000000
856066.000000
773087.000000
824817.000000
855137.000000
801774.000000
772115.000000
865519.000000
834669.000000
777884.000000
864845.000000
774801.000000
771718.000000
774287.000000
852251.000000
771625.000000
869104.000000
867507.000000
770651.000000
865704.000000
779210.000000
800934.000000
852482.000000
772275.000000
812346.000000
800725.000000
801916.000000
775109.000000
865011.000000
773463.000000
772146.000000
843827.000000
770367.000000
801285.000000
812235.000000
774970.000000
800943.000000
816143.000000
800635.000000
862740.000000
771973.000000
819322.000000
827547.000000
814085.000000
860365.000000
800596.000000
773854.000000
765905.000000
779685.000000
778659.000000
804414.000000
773580.000000
772709.000000
953006.000000
771881.000000
772259.000000
823026.000000
772296.000000
776331.000000
822513.000000
813614.000000
854931.000000
768534.000000
852971.000000
798097.000000
776493.000000
866568.000000
813026.000000
771810.000000
869523.000000
915034.000000
778589.000000
773582.000000
774103.000000
776287.000000
821217.000000
822387.000000
770047.000000
825349.000000
767499.000000
771287.000000
802839.000000
812839.000000
865891.000000
866538.000000
771364.000000
776108.000000
771422.000000
859879.000000
805743.000000
818352.000000
800675.000000
769973.000000
771746.000000
774441.000000
928179.000000
871743.000000
767890.000000
819334.000000
861353.000000
773589.000000
870962.000000
772869.000000
773093.000000
862993.000000
772361.000000
774148.000000
818140.000000
770942.000000
873477.000000
769980.000000
773121.000000
872565.000000
778185.000000
775952.000000
827408.000000
863848.000000
775696.000000
776228.000000
866716.000000
773456.000000
868569.000000
771878.000000
774690.000000
856424.000000
864993.000000
803082.000000
772158.000000
819482.000000
935604.000000
860021.000000
866323.000000
777967.000000
823279.000000
772041.000000
770835.000000
805044.000000
770570.000000
864882.000000
821469.000000
848858.000000
771721.000000
769398.000000
779146.000000
768813.000000
803687.000000
874406.000000
865008.000000
767561.000000
770389.000000
797697.000000
773309.000000
820645.000000
803183.000000
820789.000000
777379.000000
771761.000000
775638.000000
861910.000000
867199.000000
804220.000000
770139.000000
864029.000000
878593.000000
825660.000000
774272.000000
806331.000000
772302.000000
868590.000000
822833.000000
775139.000000
797297.000000
770395.000000
774518.000000
770450.000000
954212.000000
770564.000000
766758.000000
772939.000000
815497.000000
778398.000000
774392.000000
774222.000000
776991.000000
859953.000000
813303.000000
838426.000000
871710.000000
877898.000000
772318.000000
869009.000000
771478.000000
783352.000000
770284.000000
866214.000000
853568.000000
798429.000000
774324.000000
810137.000000
807562.000000
770334.000000
774161.000000
801103.000000
922680.000000
868298.000000
768210.000000
772038.000000
935098.000000
867806.000000
817752.000000
866833.000000
770213.000000
773223.000000
774552.000000
773057.000000
867205.000000
773650.000000
774223.000000
858495.000000
775296.000000
864583.000000
811790.000000
767985.000000
867943.000000
879627.000000
803247.000000
863938.000000
773192.000000
856306.000000
768601.000000
863971.000000
774475.000000
772244.000000
773748.000000
801785.000000
823103.000000
773469.000000
770620.000000
773195.000000
857202.000000
772471.000000
928341.000000
773034.000000
864089.000000
770675.000000
856563.000000
862888.000000
868879.000000
803173.000000
803912.000000
770890.000000
853605.000000
830541.000000
770721.000000
772297.000000
796660.000000
772619.000000
867236.000000
876479.000000
770983.000000
867229.000000
860922.000000
855547.000000
765527.000000
778521.000000
770228.000000
854215.000000
768493.000000
771998.000000
832236.000000
803309.000000
769503.000000
822737.000000
774278.000000
799057.000000
845488.000000
776847.000000
772856.000000
773100.000000
857897.000000
772035.000000
869063.000000
801374.000000
771198.000000
773776.000000
768813.000000
867769.000000
772025.000000
800454.000000
770758.000000
863461.000000
774484.000000
816829.000000
823857.000000
769087.000000
856999.000000
868906.000000
831781.000000
769543.000000
774367.000000
859229.000000
811672.000000
769257.000000
850183.000000
769822.000000
822325.000000
772183.000000
778617.000000
870178.000000
796882.000000
770527.000000
876772.000000
772771.000000
772198.000000
866519.000000
865676.000000
864261.000000
775171.000000
819832.000000
812721.000000
772497.000000
820270.000000
918744.000000
771794.000000
866670.000000
824193.000000
823759.000000
774986.000000
850257.000000
865792.000000
775980.000000
770976.000000
811293.000000
771930.000000
773866.000000
773848.000000
811888.000000
867550.000000
770084.000000
921237.000000
772979.000000
866064.000000
773167.000000
801367.000000
859999.000000
778121.000000
852860.000000
861141.000000
766927.000000
770715.000000
767832.000000
775327.000000
860799.000000
818359.000000
824423.000000
773616.000000
955896.000000
776909.000000
