48069.000000
47773.000000
47875.000000
48220.000000
48111.000000
47474.000000
47881.000000
48007.000000
47877.000000
48272.000000
48019.000000
47791.000000
47585.000000
47646.000000
48305.000000
47905.000000
47887.000000
47527.000000
47521.000000
47499.000000
48450.000000
49075.000000
47481.000000
48065.000000
47595.000000
48370.000000
47850.000000
47792.000000
47758.000000
47973.000000
47838.000000
47973.000000
47791.000000
47468.000000
47878.000000
47585.000000
48081.000000
47702.000000
48081.000000
48013.000000
47903.000000
47674.000000
47997.000000
47752.000000
47991.000000
48351.000000
47936.000000
47899.000000
48065.000000
48311.000000
48336.000000
47964.000000
48114.000000
48034.000000
47376.000000
48167.000000
47902.000000
48256.000000
47505.000000
48260.000000
47739.000000
47527.000000
47874.000000
48142.000000
48157.000000
48041.000000
47521.000000
48154.000000
47856.000000
47936.000000
47979.000000
48263.000000
48007.000000
48053.000000
47745.000000
47681.000000
47628.000000
47810.000000
48570.000000
47939.000000
47943.000000
47819.000000
47951.000000
47979.000000
48179.000000
47681.000000
47549.000000
47681.000000
48349.000000
48259.000000
47702.000000
48324.000000
48022.000000
47792.000000
47659.000000
47570.000000
47918.000000
48198.000000
48687.000000
47447.000000
47991.000000
47700.000000
47503.000000
47881.000000
48696.000000
48189.000000
47920.000000
48133.000000
47438.000000
47862.000000
47820.000000
47293.000000
47745.000000
47462.000000
48114.000000
47287.000000
49604.000000
47773.000000
47770.000000
48102.000000
47419.000000
47511.000000
48194.000000
47354.000000
47712.000000
47397.000000
47976.000000
47585.000000
47826.000000
48062.000000
48890.000000
47720.000000
47872.000000
47825.000000
47933.000000
47404.000000
48394.000000
47380.000000
48056.000000
48078.000000
47496.000000
47456.000000
47865.000000
48363.000000
48413.000000
47933.000000
48497.000000
47927.000000
47779.000000
47766.000000
48293.000000
47447.000000
47853.000000
48650.000000
47767.000000
47940.000000
46988.000000
47545.000000
47434.000000
47785.000000
47875.000000
48133.000000
47911.000000
47668.000000
48358.000000
48043.000000
47594.000000
49194.000000
48265.000000
47856.000000
47733.000000
47613.000000
48059.000000
47336.000000
47503.000000
47548.000000
47933.000000
47545.000000
47825.000000
47767.000000
48241.000000
48732.000000
47724.000000
48013.000000
48216.000000
48241.000000
47951.000000
47423.000000
48022.000000
47767.000000
48195.000000
47810.000000
47284.000000
48025.000000
48213.000000
48776.000000
47508.000000
47921.000000
48050.000000
47650.000000
47585.000000
47207.000000
47444.000000
47663.000000
47696.000000
48314.000000
47911.000000
47810.000000
47767.000000
48111.000000
47862.000000
47976.000000
48502.000000
47724.000000
48348.000000
47613.000000
47794.000000
47847.000000
47779.000000
47900.000000
47782.000000
47961.000000
47958.000000
47853.000000
48133.000000
47714.000000
104733.000000
47819.000000
47120.000000
47957.000000
47702.000000
47859.000000
47930.000000
48339.000000
47549.000000
47831.000000
48040.000000
47345.000000
48210.000000
47717.000000
49896.000000
47080.000000
47727.000000
47748.000000
48413.000000
47548.000000
47425.000000
47844.000000
47601.000000
47591.000000
47948.000000
47872.000000
47579.000000
47936.000000
48102.000000
47206.000000
47532.000000
47908.000000
49505.000000
47930.000000
47238.000000
47801.000000
47555.000000
47478.000000
48355.000000
48028.000000
47773.000000
48145.000000
48469.000000
47846.000000
47933.000000
47897.000000
47213.000000
47539.000000
47979.000000
47837.000000
47650.000000
47943.000000
47373.000000
47665.000000
47918.000000
49616.000000
47906.000000
48195.000000
47877.000000
47788.000000
47641.000000
47637.000000
47204.000000
48019.000000
48050.000000
47628.000000
47927.000000
47619.000000
47530.000000
47714.000000
47887.000000
47902.000000
47487.000000
47970.000000
47881.000000
48105.000000
48321.000000
47610.000000
48124.000000
47963.000000
48212.000000
47733.000000
48044.000000
49275.000000
48324.000000
47840.000000
47782.000000
47878.000000
48068.000000
47554.000000
48090.000000
47770.000000
47662.000000
47721.000000
47604.000000
47656.000000
47564.000000
47711.000000
48346.000000
47480.000000
47973.000000
48062.000000
47487.000000
48096.000000
47961.000000
47690.000000
47330.000000
48112.000000
47699.000000
48523.000000
47964.000000
47447.000000
47933.000000
48185.000000
48613.000000
48019.000000
47721.000000
47400.000000
48007.000000
47551.000000
47702.000000
48050.000000
47816.000000
48084.000000
47167.000000
48742.000000
47803.000000
47758.000000
47616.000000
47718.000000
47625.000000
47250.000000
47853.000000
47844.000000
47970.000000
48139.000000
48090.000000
48530.000000
47952.000000
48065.000000
48311.000000
47693.000000
47228.000000
47680.000000
47403.000000
47733.000000
47385.000000
48563.000000
47699.000000
47355.000000
47770.000000
47767.000000
48093.000000
47699.000000
47930.000000
48232.000000
48063.000000
47708.000000
48056.000000
48173.000000
48213.000000
48570.000000
48056.000000
48056.000000
47770.000000
48010.000000
47831.000000
47518.000000
48173.000000
47954.000000
47235.000000
47524.000000
47530.000000
48077.000000
47795.000000
47517.000000
123380.000000
47952.000000
47801.000000
47641.000000
47663.000000
47847.000000
47025.000000
48355.000000
47825.000000
47385.000000
47755.000000
47929.000000
47210.000000
47752.000000
48176.000000
47677.000000
47905.000000
47766.000000
135648.000000
47434.000000
47917.000000
47376.000000
47828.000000
47567.000000
47828.000000
47326.000000
47754.000000
48038.000000
48102.000000
47758.000000
47749.000000
47453.000000
47585.000000
47920.000000
48268.000000
47789.000000
47345.000000
47798.000000
47641.000000
49641.000000
47478.000000
47330.000000
47687.000000
48619.000000
48007.000000
48351.000000
48686.000000
47413.000000
48198.000000
47705.000000
47293.000000
47560.000000
47976.000000
47542.000000
47693.000000
47795.000000
47210.000000
48546.000000
47419.000000
47773.000000
48099.000000
47567.000000
49287.000000
47456.000000
47426.000000
47702.000000
47345.000000
47154.000000
47865.000000
47945.000000
47826.000000
47382.000000
48099.000000
47471.000000
47437.000000
48194.000000
47902.000000
47878.000000
48269.000000
47792.000000
48114.000000
47686.000000
47865.000000
48151.000000
47742.000000
47961.000000
47551.000000
47755.000000
48361.000000
47834.000000
47943.000000
48400.000000
47859.000000
47712.000000
47711.000000
47884.000000
47517.000000
48081.000000
47871.000000
49026.000000
47278.000000
47585.000000
47536.000000
47484.000000
47487.000000
47863.000000
47921.000000
48167.000000
47434.000000
47443.000000
47957.000000
48053.000000
47742.000000
48041.000000
47899.000000
47791.000000
48186.000000
47481.000000
48124.000000
47327.000000
47348.000000
47625.000000
48483.000000
48363.000000
47715.000000
47841.000000
47871.000000
47880.000000
47837.000000
48152.000000
48112.000000
47585.000000
48358.000000
48265.000000
47878.000000
47351.000000
47662.000000
47970.000000
47982.000000
47687.000000
48130.000000
47567.000000
48007.000000
47428.000000
47945.000000
48234.000000
47877.000000
47598.000000
47868.000000
47945.000000
47862.000000
47890.000000
47588.000000
47675.000000
47708.000000
48019.000000
47779.000000
48290.000000
47881.000000
48330.000000
48472.000000
47466.000000
47613.000000
47592.000000
47616.000000
47994.000000
47890.000000
48044.000000
47791.000000
47883.000000
48117.000000
48231.000000
47681.000000
47757.000000
47644.000000
47169.000000
47933.000000
47736.000000
47603.000000
48490.000000
48126.000000
48222.000000
47533.000000
47998.000000
47650.000000
47407.000000
47924.000000
48662.000000
47933.000000
48118.000000
48108.000000
48136.000000
47678.000000
47367.000000
47607.000000
47757.000000
47720.000000
48102.000000
48063.000000
47459.000000
47404.000000
47804.000000
47748.000000
47906.000000
47804.000000
47964.000000
48450.000000
48148.000000
47330.000000
47549.000000
47690.000000
48216.000000
49052.000000
47278.000000
47739.000000
48019.000000
47437.000000
48068.000000
47680.000000
48305.000000
47942.000000
47305.000000
48155.000000
47401.000000
47998.000000
47641.000000
47908.000000
47902.000000
48180.000000
48315.000000
47868.000000
47884.000000
47564.000000
47364.000000
48010.000000
47758.000000
48010.000000
47647.000000
47542.000000
47989.000000
48090.000000
47850.000000
48161.000000
47893.000000
48262.000000
47703.000000
48145.000000
47628.000000
48016.000000
47896.000000
47930.000000
48385.000000
47382.000000
47665.000000
48062.000000
48133.000000
47758.000000
47813.000000
48059.000000
47875.000000
47945.000000
48327.000000
48139.000000
47469.000000
48096.000000
47980.000000
49139.000000
47924.000000
47933.000000
47927.000000
48484.000000
48127.000000
47696.000000
47711.000000
48222.000000
48191.000000
47290.000000
47899.000000
47751.000000
47478.000000
47868.000000
48154.000000
48290.000000
47610.000000
47727.000000
48253.000000
47933.000000
47666.000000
48243.000000
47684.000000
47899.000000
47690.000000
48271.000000
48435.000000
47923.000000
48659.000000
47465.000000
47499.000000
47875.000000
48102.000000
47936.000000
47656.000000
48410.000000
47422.000000
48370.000000
48327.000000
47690.000000
47662.000000
47625.000000
47942.000000
48096.000000
47772.000000
47315.000000
47988.000000
47570.000000
47927.000000
47939.000000
47733.000000
48397.000000
47841.000000
47527.000000
47869.000000
48189.000000
47807.000000
47942.000000
47970.000000
47286.000000
47447.000000
47668.000000
48050.000000
47994.000000
48166.000000
47594.000000
48151.000000
47407.000000
47871.000000
48074.000000
48361.000000
47887.000000
47831.000000
47601.000000
47991.000000
47912.000000
47902.000000
48296.000000
48274.000000
47979.000000
47665.000000
48364.000000
47336.000000
47997.000000
47363.000000
47668.000000
48084.000000
47641.000000
48278.000000
47961.000000
47659.000000
47443.000000
47798.000000
47508.000000
48154.000000
48053.000000
47924.000000
104001.000000
47500.000000
47318.000000
47745.000000
48367.000000
47606.000000
47668.000000
48004.000000
48237.000000
47474.000000
47699.000000
48012.000000
47930.000000
47447.000000
48807.000000
47865.000000
48056.000000
47954.000000
47612.000000
48216.000000
48115.000000
47908.000000
47668.000000
48237.000000
48413.000000
48360.000000
48413.000000
47656.000000
48136.000000
47899.000000
48060.000000
47945.000000
47604.000000
47899.000000
47825.000000
48250.000000
47699.000000
48204.000000
47810.000000
47323.000000
47441.000000
48192.000000
47549.000000
47890.000000
48312.000000
48013.000000
47737.000000
47874.000000
47948.000000
47825.000000
47905.000000
48933.000000
47782.000000
48145.000000
47666.000000
47773.000000
47801.000000
47665.000000
47782.000000
47773.000000
47754.000000
47776.000000
48253.000000
48136.000000
48010.000000
47834.000000
47819.000000
47853.000000
47998.000000
47511.000000
47961.000000
47779.000000
47672.000000
47638.000000
48056.000000
47207.000000
47493.000000
47985.000000
47748.000000
47780.000000
48182.000000
47293.000000
47619.000000
47905.000000
48023.000000
47586.000000
47240.000000
47767.000000
47798.000000
48148.000000
47810.000000
47758.000000
47416.000000
47407.000000
47579.000000
47751.000000
47583.000000
48210.000000
47942.000000
47382.000000
47711.000000
48219.000000
47653.000000
47517.000000
47998.000000
47834.000000
47748.000000
47991.000000
47683.000000
47905.000000
48136.000000
47524.000000
47164.000000
48099.000000
47607.000000
47647.000000
47788.000000
49862.000000
47518.000000
47924.000000
48157.000000
47838.000000
47410.000000
48013.000000
47868.000000
47988.000000
47514.000000
48129.000000
47683.000000
47840.000000
47727.000000
48484.000000
47662.000000
47785.000000
47865.000000
48207.000000
47309.000000
47579.000000
47973.000000
47841.000000
48050.000000
47921.000000
48388.000000
48084.000000
47899.000000
47407.000000
48234.000000
48650.000000
47770.000000
47970.000000
47789.000000
48188.000000
47783.000000
48358.000000
47837.000000
47831.000000
47520.000000
47813.000000
47302.000000
48425.000000
47404.000000
49339.000000
47856.000000
47711.000000
47518.000000
47431.000000
47967.000000
47943.000000
47859.000000
47708.000000
48034.000000
48678.000000
48071.000000
47361.000000
47880.000000
48081.000000
47770.000000
48081.000000
48296.000000
47428.000000
47693.000000
48204.000000
47862.000000
47865.000000
131433.000000
47847.000000
47973.000000
47991.000000
47487.000000
48044.000000
48001.000000
48235.000000
48315.000000
47404.000000
47681.000000
47727.000000
47853.000000
47717.000000
48025.000000
48225.000000
47628.000000
47903.000000
48354.000000
49567.000000
47653.000000
47524.000000
47367.000000
47801.000000
48105.000000
47542.000000
47813.000000
48296.000000
49247.000000
47643.000000
47859.000000
47878.000000
48041.000000
47690.000000
47776.000000
47540.000000
47819.000000
48834.000000
48050.000000
47693.000000
48459.000000
47644.000000
47591.000000
48158.000000
48225.000000
48112.000000
48628.000000
47786.000000
47395.000000
47954.000000
47665.000000
47877.000000
47745.000000
48133.000000
47985.000000
48016.000000
47886.000000
47927.000000
47964.000000
48127.000000
49099.000000
48222.000000
47970.000000
47720.000000
47782.000000
47943.000000
47893.000000
47718.000000
48222.000000
48013.000000
47788.000000
48352.000000
48133.000000
47810.000000
47902.000000
47918.000000
48050.000000
48324.000000
48705.000000
48515.000000
47628.000000
47763.000000
48001.000000
47656.000000
48311.000000
47829.000000
48287.000000
47373.000000
49268.000000
48130.000000
47388.000000
47920.000000
48124.000000
47444.000000
47456.000000
48065.000000
47736.000000
48425.000000
48198.000000
47625.000000
48234.000000
47998.000000
48330.000000
48118.000000
48213.000000
47555.000000
48106.000000
47856.000000
47552.000000
47643.000000
47945.000000
48422.000000
47595.000000
48151.000000
47432.000000
47847.000000
47475.000000
48637.000000
47841.000000
47394.000000
47826.000000
48312.000000
47776.000000
47690.000000
47520.000000
48297.000000
48198.000000
48505.000000
47536.000000
47379.000000
48595.000000
47693.000000
47776.000000
48078.000000
134626.000000
47693.000000
47816.000000
48087.000000
47739.000000
47760.000000
47718.000000
47874.000000
48191.000000
48084.000000
48053.000000
47991.000000
48207.000000
49305.000000
47795.000000
47653.000000
48179.000000
47696.000000
47911.000000
47542.000000
48293.000000
48493.000000
47349.000000
47816.000000
47653.000000
47616.000000
47526.000000
48151.000000
47783.000000
47619.000000
47939.000000
47939.000000
47749.000000
47604.000000
48192.000000
47696.000000
47767.000000
47717.000000
47567.000000
47749.000000
48050.000000
47881.000000
47216.000000
136235.000000
48120.000000
47911.000000
47954.000000
47749.000000
48432.000000
47570.000000
47755.000000
47539.000000
48447.000000
47456.000000
47508.000000
47665.000000
47853.000000
48524.000000
47702.000000
48000.000000
48240.000000
48056.000000
47266.000000
47431.000000
48536.000000
47758.000000
47493.000000
48453.000000
47847.000000
48087.000000
47164.000000
47518.000000
47887.000000
47985.000000
47432.000000
48034.000000
47718.000000
48807.000000
47791.000000
47847.000000
47942.000000
48748.000000
48111.000000
48198.000000
47623.000000
48219.000000
47438.000000
47721.000000
48059.000000
47634.000000
47800.000000
47994.000000
48139.000000
47853.000000
131241.000000
47376.000000
47093.000000
47469.000000
47739.000000
47656.000000
48176.000000
47939.000000
47634.000000
48207.000000
47994.000000
47877.000000
48364.000000
47515.000000
47465.000000
47847.000000
48244.000000
47850.000000
48145.000000
48272.000000
47296.000000
47715.000000
47773.000000
49069.000000
47835.000000
47693.000000
47253.000000
47949.000000
48256.000000
47776.000000
48127.000000
48056.000000
47758.000000
47472.000000
47585.000000
47681.000000
48191.000000
47764.000000
47675.000000
47484.000000
47760.000000
48312.000000
47600.000000
48579.000000
47909.000000
47718.000000
49684.000000
48041.000000
47758.000000
47681.000000
47983.000000
47333.000000
47924.000000
48219.000000
47400.000000
48785.000000
48105.000000
47822.000000
47480.000000
48038.000000
47804.000000
47539.000000
47428.000000
48084.000000
47801.000000
47952.000000
47656.000000
47909.000000
47502.000000
47847.000000
48188.000000
47320.000000
48428.000000
48090.000000
47813.000000
48201.000000
48108.000000
47582.000000
49305.000000
47767.000000
47835.000000
48632.000000
47502.000000
47834.000000
47767.000000
48496.000000
48041.000000
48093.000000
47908.000000
48016.000000
48062.000000
47179.000000
47623.000000
47517.000000
47567.000000
47936.000000
48216.000000
48035.000000
48210.000000
47872.000000
47816.000000
48296.000000
48047.000000
47791.000000
47952.000000
47628.000000
47416.000000
47970.000000
47729.000000
47650.000000
48206.000000
47536.000000
47905.000000
47321.000000
47173.000000
47994.000000
47782.000000
48102.000000
47708.000000
101414.000000
47989.000000
47816.000000
47948.000000
47862.000000
47859.000000
47425.000000
48290.000000
47862.000000
48397.000000
47253.000000
47013.000000
48019.000000
47711.000000
49225.000000
47702.000000
47877.000000
47443.000000
47582.000000
48035.000000
47859.000000
47969.000000
47954.000000
48121.000000
47887.000000
47782.000000
48305.000000
47896.000000
49560.000000
47868.000000
48188.000000
47973.000000
47912.000000
47669.000000
47795.000000
47982.000000
48013.000000
48533.000000
47912.000000
47499.000000
47323.000000
47668.000000
47998.000000
48204.000000
47570.000000
47890.000000
47376.000000
47966.000000
48115.000000
48072.000000
47955.000000
47946.000000
48339.000000
48087.000000
49407.000000
47465.000000
47874.000000
48041.000000
47699.000000
47961.000000
47638.000000
47733.000000
47668.000000
47619.000000
47466.000000
47332.000000
48622.000000
47786.000000
48219.000000
47678.000000
47828.000000
47711.000000
48096.000000
48164.000000
48967.000000
48028.000000
47416.000000
48155.000000
47693.000000
48158.000000
47800.000000
47724.000000
47518.000000
47681.000000
47776.000000
47693.000000
47869.000000
47794.000000
47416.000000
48090.000000
47942.000000
47776.000000
48154.000000
48315.000000
48022.000000
47819.000000
47591.000000
48056.000000
47354.000000
48340.000000
47995.000000
47514.000000
48133.000000
48370.000000
48308.000000
48370.000000
48256.000000
48022.000000
47752.000000
47139.000000
47776.000000
49238.000000
47542.000000
47926.000000
48074.000000
47979.000000
47305.000000
48081.000000
47779.000000
47893.000000
99060.000000
47638.000000
48832.000000
48166.000000
48071.000000
47730.000000
47991.000000
48040.000000
48029.000000
47841.000000
47696.000000
47558.000000
48216.000000
48210.000000
47800.000000
47543.000000
47555.000000
47834.000000
48179.000000
48049.000000
47896.000000
47262.000000
47816.000000
49182.000000
47825.000000
47585.000000
47299.000000
48844.000000
47589.000000
48186.000000
48558.000000
48075.000000
48132.000000
48035.000000
48238.000000
48047.000000
47887.000000
47570.000000
47838.000000
47311.000000
47674.000000
47826.000000
47816.000000
47914.000000
47480.000000
47561.000000
47668.000000
47899.000000
48071.000000
47594.000000
48066.000000
47545.000000
47788.000000
47776.000000
47871.000000
48340.000000
47573.000000
47859.000000
47877.000000
48372.000000
48407.000000
47914.000000
47576.000000
47788.000000
47820.000000
47416.000000
48678.000000
48376.000000
47866.000000
47702.000000
47665.000000
48093.000000
48465.000000
47675.000000
48358.000000
47856.000000
47721.000000
47601.000000
47530.000000
47816.000000
47545.000000
47718.000000
47964.000000
