42703.994000
42122.445000
42064.613000
42099.419000
42085.244000
42122.943000
42113.017000
42099.288000
42082.958000
42094.392000
42696.465000
42127.608000
42161.627000
-957834.017000
42065.404000
42103.454000
42069.377000
42139.236000
42097.869000
42098.592000
42078.348000
42073.958000
42108.961000
42126.045000
42075.232000
42097.260000
42080.826000
42122.380000
42686.898000
42100.066000
42079.730000
-957826.148000
42085.265000
42136.648000
42111.571000
42100.927000
42089.589000
42090.284000
42120.967000
42120.570000
42087.665000
42098.952000
42075.773000
42126.703000
42106.145000
42086.152000
42063.887000
42104.330000
42105.201000
42101.804000
42077.269000
42098.447000
42112.614000
42124.872000
42087.364000
42089.263000
42083.216000
42123.522000
42114.303000
42101.675000
42083.749000
42099.545000
42084.718000
42125.786000
42092.728000
42090.145000
42076.604000
42120.343000
42130.755000
42085.478000
42088.764000
42095.727000
42111.075000
42126.796000
42090.035000
42085.493000
42126.937000
42110.549000
-957857.629000
42070.416000
42123.753000
42094.688000
42119.309000
42077.727000
42092.758000
42112.610000
42112.091000
42084.703000
42088.715000
42081.109000
42123.124000
42111.398000
42097.696000
42075.410000
42094.277000
42116.897000
-957812.681000
42091.727000
42088.438000
42089.890000
42123.571000
42117.379000
42102.863000
42081.795000
42099.365000
42110.327000
42129.648000
42085.013000
42089.614000
42083.555000
42091.167000
42108.592000
42117.555000
42076.653000
42076.512000
-957841.127000
42075.173000
42123.364000
42096.604000
42120.060000
42079.644000
42079.986000
42110.370000
42124.863000
42065.284000
42100.386000
42069.837000
42122.808000
42095.284000
42099.703000
42077.290000
42093.592000
42118.706000
-957814.810000
42093.937000
42090.173000
42091.268000
42123.174000
42116.072000
42100.555000
42084.579000
42141.698000
42109.844000
42097.315000
42102.303000
42081.496000
42074.096000
42102.377000
42139.999000
42691.523000
42111.537000
42143.143000
-957867.731000
42061.496000
42120.814000
42111.257000
42098.118000
42088.105000
42089.087000
42109.066000
42124.260000
42084.617000
42089.170000
42080.794000
42126.992000
42111.844000
42098.367000
42075.866000
42093.358000
42129.220000
-957860.337000
42095.131000
42097.041000
42085.130000
42107.306000
42122.872000
42073.755000
42076.028000
42092.807000
42128.761000
42113.767000
42099.352000
42097.915000
42088.216000
42080.548000
42112.007000
42105.783000
42085.638000
42091.349000
-957922.943000
42118.861000
42107.915000
42098.813000
42077.127000
42096.115000
42115.072000
42127.168000
42096.731000
-956890.890000
42082.715000
42090.365000
42095.053000
42112.081000
42126.337000
42086.327000
42090.423000
42083.493000
42121.820000
42116.211000
42099.905000
42081.444000
42093.810000
42118.342000
42125.660000
42670.329000
42090.872000
42107.143000
-957852.038000
42118.992000
42120.045000
42087.241000
42098.380000
42107.343000
42113.146000
42107.722000
42124.925000
42064.090000
42103.068000
42070.386000
42088.949000
42112.583000
42086.558000
42090.038000
42080.533000
42124.561000
-957824.820000
42091.967000
42090.555000
42090.177000
42123.521000
42116.829000
42099.891000
42082.456000
42099.660000
42080.124000
42125.663000
42102.582000
42083.453000
42099.611000
42084.681000
42130.629000
42091.502000
42127.309000
42135.700000
-957847.244000
42081.299000
42127.337000
42106.186000
42111.629000
42065.130000
42106.238000
42109.048000
42121.927000
42084.539000
42100.644000
42077.170000
42130.334000
42110.672000
42099.580000
42638.298000
42100.312000
42074.259000
-957798.438000
42102.072000
42098.659000
42081.659000
42094.336000
42118.269000
42113.626000
42086.044000
42088.287000
42080.219000
42123.746000
42096.414000
42112.832000
42075.515000
42079.262000
42109.592000
42121.414000
42066.819000
42098.481000
-957921.414000
42120.589000
42115.862000
42097.795000
42101.598000
42093.435000
42116.223000
42125.426000
42089.650000
42089.776000
42093.383000
42088.693000
42087.983000
42125.651000
42119.118000
42084.171000
42090.872000
42066.062000
42121.063000
42111.485000
42081.112000
42088.494000
42092.924000
42110.509000
42126.275000
42081.745000
42087.834000
42084.558000
-957862.989000
42114.303000
42104.211000
42076.936000
42123.497000
42113.713000
42132.070000
42086.100000
42094.653000
42084.915000
42128.066000
42111.642000
42100.777000
42077.065000
42095.509000
42108.746000
42127.845000
42085.099000
-957804.687000
42098.515000
42080.816000
42128.192000
42128.189000
42099.543000
42075.770000
42097.023000
42114.020000
42125.232000
42087.128000
42085.524000
42083.334000
42125.303000
42111.312000
42097.832000
42073.111000
42096.856000
42112.605000
-957869.386000
42084.853000
42096.016000
42085.539000
42146.073000
42111.927000
42107.844000
42077.250000
42108.555000
42077.936000
42132.042000
42106.534000
42088.505000
42063.939000
42105.974000
42108.546000
42121.814000
42097.743000
-957890.928000
42077.053000
42092.254000
42113.506000
42126.823000
42086.195000
42089.908000
42083.330000
42128.795000
42111.789000
42107.229000
42078.875000
42105.241000
42108.992000
42131.968000
42131.238000
42672.627000
42085.047000
42131.993000
-957846.263000
42120.906000
42109.654000
42077.472000
42113.482000
42087.134000
42111.641000
42111.607000
42086.395000
42089.299000
42066.404000
42121.531000
42112.078000
42086.429000
42089.742000
42664.606000
42112.076000
42130.399000
-957844.183000
42094.982000
42083.022000
42138.054000
42111.500000
42098.548000
42077.970000
42097.872000
42113.069000
42123.626000
42089.143000
42087.355000
42069.930000
42121.851000
42127.057000
42083.435000
42088.192000
42093.798000
42214.320000
-957871.032000
42140.155000
42094.856000
42062.106000
42135.479000
42110.875000
42127.210000
42087.192000
42104.829000
42076.312000
42132.703000
42109.161000
42098.358000
42059.545000
42106.890000
42107.186000
42118.140000
42087.438000
-957897.175000
42076.730000
42113.097000
42107.179000
42127.992000
42064.305000
42101.789000
42069.995000
42124.999000
42096.008000
42106.482000
42075.222000
42133.580000
42095.586000
42128.001000
42086.909000
42095.210000
42082.506000
42129.915000
42112.909000
42105.748000
42078.260000
42095.050000
42111.897000
42125.368000
42080.785000
42088.767000
42081.671000
-957774.345000
42109.912000
42114.174000
42077.380000
42093.442000
42113.860000
42125.125000
42085.900000
42086.374000
42083.807000
42125.411000
42109.762000
42107.066000
42077.585000
42115.013000
42107.044000
42108.712000
42078.296000
42106.540000
42079.835000
42131.516000
42106.583000
42096.414000
42061.819000
42107.682000
42107.174000
42119.020000
42097.688000
-957771.726000
42123.140000
42091.727000
42123.414000
42122.823000
42088.238000
42095.973000
42077.106000
42134.598000
42106.530000
42105.128000
42084.906000
42095.712000
42112.629000
42127.343000
42087.848000
42682.464000
42078.518000
42117.574000
-957851.740000
42126.401000
42064.847000
42099.709000
42098.761000
42122.546000
42098.078000
42099.026000
42075.789000
42079.462000
42110.850000
42128.756000
42138.903000
42102.730000
42094.985000
42107.552000
42121.913000
42106.779000
42111.152000
42089.728000
42095.635000
42112.460000
42107.681000
42123.044000
42063.241000
42104.334000
42107.973000
42145.239000
42095.946000
42097.838000
-957923.061000
42075.789000
42112.737000
42125.389000
42073.573000
42101.688000
42088.503000
42122.549000
42116.909000
42099.694000
42084.269000
42095.829000
42111.497000
42124.238000
42100.869000
42083.607000
42084.380000
42122.937000
-957776.351000
42101.302000
42077.413000
42098.669000
42078.296000
42125.053000
42108.282000
42087.734000
42067.699000
42107.358000
42114.758000
42120.315000
42107.386000
42098.127000
42081.536000
42072.841000
42688.999000
42136.411000
42111.454000
-957855.518000
42102.392000
42105.081000
42112.749000
42120.285000
42082.173000
42076.634000
42096.949000
42124.405000
42203.972000
42113.610000
42086.201000
42088.075000
42060.367000
42118.608000
42109.390000
42078.924000
42090.108000
42088.662000
42110.709000
42111.322000
42091.690000
42105.687000
42082.678000
42109.328000
42134.451000
42072.112000
42100.048000
-957916.725000
42126.106000
42110.678000
42099.103000
42096.072000
42082.711000
42101.490000
42137.753000
42113.595000
42102.534000
42090.260000
42091.943000
42121.780000
42117.703000
42082.854000
42141.540000
42080.549000
42126.919000
42208.695000
42091.808000
42064.056000
42105.435000
42112.047000
42118.746000
42086.198000
42099.672000
42076.995000
42071.893000
42107.515000
42124.272000
42069.431000
42101.500000
42075.872000
42122.223000
42679.544000
42099.811000
42082.429000
-957859.931000
42118.048000
42126.660000
42105.435000
42088.223000
42087.410000
42091.659000
42108.176000
42118.282000
42076.025000
42077.702000
42091.783000
42123.438000
42109.281000
42110.737000
42087.090000
42119.306000
42066.868000
42121.377000
42117.718000
42092.069000
42068.816000
42107.453000
42130.057000
42120.525000
42097.205000
42114.088000
42088.706000
-957861.432000
42110.900000
42070.875000
42110.429000
42145.623000
42065.746000
42100.854000
42073.856000
42123.392000
42097.297000
42097.546000
42078.004000
42090.819000
42110.842000
42113.130000
42084.998000
42114.728000
42088.884000
42154.568000
42118.210000
42101.432000
42084.576000
42095.663000
42115.165000
42128.042000
42095.122000
42090.490000
42083.472000
42122.352000
42111.611000
42099.447000
42076.358000
42096.308000
42111.057000
42120.257000
42103.577000
42087.505000
-957901.116000
42125.054000
42109.284000
42103.097000
42077.798000
42083.093000
42099.164000
42140.589000
42103.228000
42084.226000
42133.082000
42114.013000
42121.390000
42077.555000
42102.690000
42112.460000
42130.980000
42086.238000
42093.623000
42083.632000
42124.832000
42111.979000
42113.943000
42077.868000
42095.869000
42151.386000
42128.586000
42089.601000
-957910.122000
42088.146000
42094.263000
42110.472000
42131.830000
42103.485000
42093.739000
42084.791000
42098.881000
42114.201000
42124.937000
42077.700000
42080.927000
42097.819000
42129.318000
42109.229000
42110.561000
42085.702000
42194.906000
42084.256000
42122.521000
42109.260000
42114.180000
42075.315000
42098.684000
42077.952000
42125.260000
42106.808000
42089.057000
42086.761000
42101.454000
42112.404000
42126.497000
42079.308000
42658.904000
42090.053000
42136.297000
-957836.078000
42115.494000
42087.241000
42090.102000
42099.207000
42121.312000
42097.669000
42097.604000
42076.238000
42094.825000
42111.041000
42123.352000
42090.921000
42088.416000
42087.229000
42092.992000
42134.143000
42109.595000
42198.175000
42086.705000
42088.244000
42064.369000
42121.977000
42110.925000
42079.931000
42091.829000
42081.182000
42109.709000
42116.438000
42086.505000
42092.777000
42082.398000
42127.943000
42109.266000
42684.445000
42078.527000
42119.854000
-957891.882000
42070.204000
42120.610000
42088.321000
42126.808000
42106.897000
42070.373000
42122.438000
42095.543000
42125.503000
42074.900000
42092.380000
42113.183000
42125.611000
42086.333000
42089.050000
42085.435000
42127.300000
-957830.256000
42106.423000
42076.989000
42087.466000
42089.158000
42114.346000
42113.475000
42085.745000
42088.817000
42080.623000
42128.189000
42112.712000
42121.291000
42076.537000
42105.571000
42080.748000
42706.760000
42108.208000
42129.039000
-957892.962000
42101.189000
42069.392000
42121.814000
42118.057000
42098.758000
42078.087000
42074.047000
42107.651000
42126.192000
42063.813000
42099.756000
42068.081000
42122.700000
42096.878000
42692.874000
42079.154000
42101.029000
-957822.734000
42131.236000
42101.035000
42096.611000
42088.158000
42097.060000
42111.980000
42120.678000
42076.970000
42076.346000
42092.081000
42083.315000
42112.873000
42112.756000
42083.367000
42088.813000
42074.911000
42123.066000
42112.494000
-957886.546000
42077.955000
42104.056000
42077.920000
42158.192000
42097.925000
42086.051000
42092.505000
42115.580000
-957811.696000
42093.755000
42090.044000
42093.115000
42100.931000
42120.011000
42121.645000
42092.478000
42098.807000
42075.804000
42077.317000
42109.819000
42122.894000
42065.844000
42102.946000
42081.293000
42116.644000
42112.247000
42101.088000
-957908.119000
42142.436000
42080.807000
42120.149000
42115.260000
42099.392000
42082.730000
42096.847000
42117.503000
42125.309000
42111.764000
42087.823000
42062.783000
42107.405000
42110.977000
42118.715000
42096.035000
42097.379000
-957819.918000
42077.308000
42110.737000
42126.051000
42062.585000
43006.034000
42085.955000
42092.268000
42065.004000
42121.503000
42116.500000
42078.909000
42095.463000
42089.994000
42116.882000
42110.817000
42670.261000
42091.281000
42128.611000
-957866.512000
42113.715000
42120.260000
42086.404000
42118.669000
42107.242000
42078.943000
42088.601000
42083.699000
-957748.468000
42112.198000
42101.608000
42077.358000
42117.312000
42081.099000
42128.457000
42087.934000
42091.059000
42104.869000
42095.625000
42125.155000
42106.232000
42100.173000
42086.342000
42088.973000
42091.807000
42117.648000
42109.213000
-957920.313000
42090.589000
42086.354000
42111.460000
42115.576000
42084.890000
42093.610000
42067.246000
42126.137000
42112.448000
42086.071000
42090.241000
42090.576000
42111.054000
42125.870000
42082.779000
42088.038000
42083.380000
-957779.960000
42112.562000
42100.333000
42076.284000
42119.306000
42112.149000
42116.918000
42075.878000
42080.721000
42130.657000
42130.398000
42105.524000
42105.281000
42058.588000
42114.617000
42112.764000
42703.846000
42097.866000
42144.039000
-957878.260000
42109.454000
42111.635000
42121.989000
42086.912000
42101.008000
42069.450000
42121.838000
42097.103000
42100.244000
42076.786000
42076.450000
42106.533000
42438.427000
42067.139000
42678.865000
42085.142000
42092.441000
-957819.152000
42123.263000
42076.970000
42082.398000
42095.878000
42132.900000
42106.620000
42099.327000
42082.330000
42087.131000
42096.293000
42121.032000
42111.032000
42076.305000
42091.669000
42080.998000
42109.598000
42111.269000
42087.198000
-957910.488000
42060.653000
42126.841000
42111.254000
42101.789000
42090.426000
42086.884000
42109.278000
42117.561000
42086.700000
42093.921000
42060.166000
42120.703000
42111.802000
42076.626000
42086.063000
42080.764000
42111.765000
-957776.551000
42062.121000
42097.694000
42070.838000
42120.242000
42096.773000
42100.017000
42076.635000
42115.660000
42106.807000
42093.223000
42065.527000
42115.306000
42108.891000
42125.979000
42087.386000
42681.778000
42078.743000
42132.759000
-957851.650000
42122.340000
42104.896000
42077.268000
42107.536000
42111.515000
42123.703000
42079.432000
42082.989000
42096.207000
42129.340000
42106.614000
42098.545000
42084.038000
42090.795000
42093.115000
42119.010000
42079.598000
-957922.507000
42095.069000
42123.005000
42116.396000
42106.882000
42101.921000
42076.930000
42069.078000
42104.294000
42128.934000
-957936.769000
42103.986000
42075.583000
42122.393000
42100.176000
42098.121000
42082.970000
42072.087000
42115.072000
42125.980000
42069.724000
42100.469000
42115.404000
42122.660000
42096.890000
42094.084000
42112.217000
42098.186000
-957774.440000
42122.798000
42077.727000
42094.493000
42125.805000
42114.518000
42112.734000
42085.472000
42087.288000
42097.047000
42121.383000
42110.894000
42077.884000
42103.841000
42074.321000
42120.402000
42680.267000
42097.696000
42118.750000
-957864.537000
42110.534000
42127.734000
42102.641000
42087.672000
42084.715000
42124.085000
42110.533000
42102.859000
42077.951000
42100.220000
42077.841000
42173.095000
42090.013000
42088.484000
42677.978000
42076.133000
42116.404000
-957761.874000
42126.879000
42063.247000
42100.694000
42070.616000
42126.472000
42080.786000
42087.656000
42097.770000
42112.515000
42126.107000
42089.410000
42088.171000
42087.743000
42123.429000
42109.454000
42147.515000
42079.875000
42094.503000
42106.759000
42078.152000
42087.767000
42094.161000
42110.737000
42126.060000
42678.646000
42091.481000
42076.967000
-957821.588000
42128.457000
42118.632000
42094.468000
42112.439000
42084.125000
42125.789000
42104.066000
42087.792000
42063.610000
42107.309000
42124.466000
42119.884000
42086.173000
42096.115000
42074.826000
42124.152000
42108.764000
42110.349000
-957913.885000
42089.669000
42071.468000
42120.383000
42136.337000
42082.860000
42094.770000
42093.392000
42115.780000
42126.057000
42095.885000
42089.158000
42084.986000
42091.330000
42108.466000
42112.610000
42076.072000
42101.352000
-957779.492000
42099.222000
42119.333000
42082.641000
42094.746000
42098.346000
42123.420000
42108.346000
42111.918000
42083.161000
42114.513000
42095.854000
42122.730000
42110.962000
42076.829000
42090.023000
42114.924000
42108.050000
42110.912000
-957913.372000
42089.988000
42073.379000
42120.473000
42136.807000
42129.004000
42069.330000
42114.555000
42074.167000
42148.076000
42103.106000
42097.638000
42074.142000
42093.653000
42109.814000
42106.845000
42084.250000
42090.250000
-957912.618000
42124.980000
42110.180000
42098.922000
42076.534000
42098.373000
42109.651000
42121.601000
42106.783000
42088.069000
42091.614000
42090.749000
42117.576000
42119.355000
42082.752000
42077.370000
42206.971000
42117.404000
42120.891000
-957895.950000
42097.817000
42081.275000
42078.001000
42117.894000
42125.614000
42070.983000
42102.478000
42081.826000
42122.165000
42100.752000
42097.924000
42077.715000
42092.441000
42112.472000
42108.260000
42087.118000
42089.364000
-957915.821000
42124.230000
42111.893000
42100.487000
42076.099000
42093.635000
42110.196000
42128.752000
42092.198000
42090.136000
42076.395000
42109.805000
42129.568000
42119.937000
42093.192000
42099.943000
42163.550000
42092.832000
42118.466000
-957917.968000
42076.567000
42111.651000
42125.577000
42114.891000
42093.146000
42685.018000
42082.770000
42117.481000
-957818.358000
42089.915000
42090.518000
42086.231000
42135.823000
42113.700000
42126.140000
42119.706000
42081.564000
42076.985000
42097.072000
42122.718000
42116.371000
42112.549000
42091.524000
42088.472000
42064.662000
42123.337000
42167.950000
42084.795000
42089.333000
42097.386000
42112.549000
42126.011000
42083.607000
42089.650000
42085.610000
42123.872000
42109.499000
42101.884000
42076.967000
42099.524000
42083.007000
42126.647000
42689.523000
42125.998000
42071.299000
-957823.521000
42089.254000
42126.309000
42116.426000
42099.651000
42075.475000
42099.057000
42080.315000
42126.407000
42106.546000
42089.785000
42063.059000
42109.823000
42109.435000
42121.691000
42086.493000
42110.447000
42112.580000
42163.475000
42132.134000
42095.909000
42098.420000
42076.844000
42091.660000
42112.736000
42126.364000
42083.278000
42088.930000
42085.887000
42124.340000
42114.746000
42117.211000
42083.792000
42100.930000
42663.006000
42111.389000
42113.025000
-957793.086000
42091.491000
42090.303000
42062.988000
42120.620000
42110.494000
42079.518000
42088.517000
42082.610000
42110.644000
42111.131000
42086.823000
42088.823000
42066.385000
42125.352000
42110.001000
42116.300000
42089.195000
42093.164000
42117.429000
42163.467000
42092.825000
42088.309000
42080.146000
42112.321000
42116.463000
42111.195000
42077.333000
42089.238000
42082.013000
42118.608000
42111.727000
42091.660000
42087.657000
42641.153000
42123.516000
42234.671000
-957836.863000
42095.528000
42095.376000
42110.552000
42133.193000
42089.579000
42088.706000
42087.407000
42094.567000
42108.690000
42121.072000
42077.321000
42075.872000
42095.395000
42329.007000
42109.706000
42112.617000
42093.595000
42098.346000
42082.857000
42122.931000
42115.016000
42102.521000
42113.158000
42069.647000
42666.535000
42125.586000
42091.921000
-957906.091000
42097.231000
42113.672000
42059.312000
42121.069000
42112.740000
42077.551000
42088.374000
42083.007000
42097.201000
42104.158000
